,DAG,KD
0,5,4
1,6,1
2,5,1
3,6,4
4,4,4
5,6,6
6,6,3
7,6,6
8,6,2
9,5,5
10,6,5
11,6,5
12,6,4
13,4,0
14,5,1
15,4,2
16,6,6
17,6,2
18,5,3
19,6,6
20,5,5
21,6,4
22,4,0
23,4,3
24,6,5
25,6,4
26,6,3
27,6,6
28,6,4
29,6,1
30,6,6
31,6,3
32,6,3
33,6,6
34,6,6
35,6,6
36,6,6
37,6,0
38,5,3
39,4,4
40,6,6
41,5,4
42,5,3
43,6,5
44,6,6
45,4,2
46,6,6
47,4,2
48,5,3
49,6,0
50,5,3
51,6,5
52,4,4
53,4,4
54,6,4
55,6,4
56,5,5
57,5,5
58,6,2
59,4,3
60,4,4
61,5,3
62,6,5
63,6,1
64,4,4
65,5,5
66,6,6
67,5,2
68,5,4
69,5,3
70,4,4
71,6,3
72,4,4
73,6,6
74,6,6
75,6,6
76,5,1
77,6,4
78,6,6
79,6,4
80,6,4
81,4,2
82,5,3
83,6,4
84,4,1
85,6,4
86,5,3
87,6,4
88,4,0
89,6,0
90,6,2
91,6,4
92,4,4
93,6,5
94,4,2
95,6,6
96,6,5
97,5,5
98,4,4
99,4,2
100,4,4
101,6,6
102,5,5
103,6,3
104,4,2
105,6,4
106,4,4
107,5,4
108,6,4
109,6,3
110,5,4
111,4,1
112,6,4
113,5,2
114,4,3
115,5,3
116,6,2
117,4,2
118,5,3
119,6,4
120,6,3
121,5,4
122,4,1
123,4,0
124,6,1
125,5,3
126,5,3
127,6,4
128,5,4
129,6,5
130,6,3
131,6,6
132,4,3
133,5,4
134,5,5
135,6,2
136,5,4
137,5,3
138,6,6
139,5,4
140,6,2
141,6,4
142,4,0
143,5,3
144,5,4
145,4,4
146,6,3
147,6,2
148,6,6
149,6,4
150,4,4
151,5,3
152,4,0
153,5,1
154,4,3
155,6,2
156,4,4
157,5,3
158,4,0
159,4,3
160,4,4
161,4,2
162,5,2
163,6,5
164,6,4
165,6,0
166,6,6
167,6,5
168,6,1
169,4,2
170,6,3
171,5,5
172,5,3
173,5,4
174,5,0
175,5,2
176,6,2
177,6,6
178,5,5
179,6,3
180,6,4
181,6,4
182,6,0
183,5,3
184,5,1
185,6,6
186,6,6
187,6,6
188,6,3
189,6,3
190,4,1
191,4,2
192,6,6
193,6,4
194,6,6
195,4,1
196,4,2
197,6,5
198,6,5
199,4,1
200,6,1
201,6,4
202,5,5
203,4,2
204,6,5
205,6,2
206,4,4
207,6,6
208,6,2
209,4,3
210,6,4
211,6,5
212,4,2
213,6,6
214,4,3
215,5,5
216,6,6
217,6,5
218,4,2
219,6,4
220,6,6
221,6,6
222,6,6
223,6,5
224,4,4
225,6,2
226,6,2
227,5,2
228,6,6
229,6,6
230,4,4
231,4,4
232,6,2
233,6,6
234,6,3
235,4,4
236,6,5
237,5,5
238,6,6
239,6,6
240,6,5
241,4,3
242,6,5
243,6,3
244,4,4
245,5,4
246,6,4
247,6,6
248,4,0
249,6,5
250,6,3
251,5,1
252,4,3
253,6,2
254,6,4
255,6,0
256,5,4
257,4,4
258,5,0
259,6,5
260,4,4
261,4,2
262,4,4
263,6,2
264,6,5
265,6,2
266,6,6
267,6,5
268,6,4
269,6,4
270,6,5
271,5,5
272,6,4
273,4,1
274,4,1
275,6,5
276,6,6
277,5,3
278,4,4
279,6,2
280,6,2
281,6,6
282,4,2
283,6,4
284,6,6
285,6,0
286,4,4
287,4,4
288,4,3
289,6,5
290,5,1
291,6,6
292,6,6
293,6,6
294,6,4
295,6,5
296,6,6
297,6,3
298,6,5
299,6,3
300,6,6
301,4,4
302,6,6
303,6,6
304,4,4
305,5,1
306,4,2
307,5,3
308,6,6
309,5,5
310,6,0
311,6,5
312,5,5
313,5,5
314,4,4
315,6,4
316,4,4
317,4,4
318,4,4
319,6,5
320,4,4
321,6,6
322,6,1
323,5,1
324,5,0
325,6,2
326,6,5
327,6,4
328,5,1
329,6,6
330,5,3
331,6,6
332,6,4
333,6,6
334,5,5
335,6,6
336,6,3
337,4,2
338,6,4
339,6,3
340,6,6
341,6,4
342,4,2
343,4,0
344,6,4
345,5,5
346,6,6
347,6,4
348,6,2
349,4,0
350,4,4
351,6,6
352,6,2
353,4,2
354,4,4
355,5,3
356,4,4
357,6,1
358,4,1
359,5,3
360,6,0
361,6,0
362,6,6
363,6,4
364,4,2
365,6,5
366,6,6
367,5,4
368,6,6
369,5,5
370,6,5
371,6,6
372,6,0
373,4,2
374,6,4
375,4,4
376,6,6
377,6,1
378,6,5
379,5,4
380,6,2
381,6,3
382,6,0
383,4,4
384,5,5
385,4,2
386,4,0
387,6,5
388,5,3
389,6,4
390,5,5
391,6,4
392,5,3
393,6,0
394,4,4
395,6,5
396,4,2
397,4,4
398,4,1
399,6,1
400,4,2
401,5,5
402,6,2
403,5,5
404,6,1
405,4,2
406,6,6
407,5,3
408,6,4
409,6,6
410,4,4
411,6,5
412,4,4
413,6,5
414,5,4
415,6,5
416,6,5
417,4,0
418,6,5
419,4,1
420,4,4
421,6,4
422,6,1
423,6,5
424,4,2
425,6,2
426,4,2
427,4,4
428,6,5
429,4,0
430,6,1
431,5,1
432,4,4
433,5,1
434,6,2
435,6,6
436,6,6
437,6,4
438,6,1
439,6,6
440,6,1
441,4,2
442,5,4
443,6,3
444,6,6
445,4,4
446,6,1
447,5,0
448,4,2
449,6,2
450,6,6
451,4,4
452,4,4
453,4,1
454,4,4
455,4,4
456,6,2
457,4,2
458,4,2
459,5,3
460,5,3
461,6,2
462,6,2
463,4,2
464,4,2
465,6,5
466,6,4
467,5,4
468,5,5
469,6,2
470,6,4
471,6,6
472,4,4
473,6,1
474,6,6
475,6,0
476,6,3
477,6,2
478,5,3
479,4,0
480,6,6
481,4,2
482,5,4
483,6,6
484,6,6
485,4,3
486,6,2
487,5,3
488,5,5
489,5,2
490,6,3
491,6,6
492,4,4
493,4,3
494,4,4
495,5,1
496,6,2
497,5,2
498,5,5
499,6,6
500,6,6
501,6,4
502,6,6
503,4,1
504,4,3
505,6,4
506,4,2
507,4,3
508,6,6
509,6,6
510,4,4
511,4,2
512,4,2
513,6,2
514,6,0
515,6,4
516,6,1
517,5,5
518,6,0
519,4,2
520,5,0
521,4,0
522,6,4
523,5,2
524,4,4
525,6,4
526,4,2
527,4,4
528,6,6
529,6,3
530,4,4
531,6,6
532,6,6
533,6,3
534,6,6
535,6,1
536,5,3
537,6,6
538,4,4
539,6,4
540,6,6
541,6,6
542,6,2
543,5,3
544,4,2
545,6,6
546,6,6
547,6,6
548,4,4
549,4,4
550,6,4
551,6,4
552,6,0
553,6,6
554,6,6
555,5,2
556,5,2
557,6,2
558,6,0
559,6,6
560,4,4
561,6,4
562,4,0
563,5,4
564,5,0
565,4,2
566,5,4
567,6,2
568,6,4
569,5,4
570,6,2
571,4,2
572,5,3
573,6,3
574,6,6
575,4,0
576,6,5
577,6,4
578,6,2
579,4,4
580,6,6
581,5,2
582,5,3
583,6,4
584,4,2
585,5,0
586,4,0
587,6,6
588,6,2
589,4,0
590,6,4
591,5,1
592,6,6
593,6,4
594,4,4
595,6,4
596,6,4
597,6,2
598,4,2
599,6,6
600,4,4
601,4,2
602,5,5
603,5,3
604,6,6
605,5,2
606,4,4
607,4,1
608,4,4
609,4,4
610,6,6
611,6,6
612,6,3
613,6,5
614,6,4
615,4,2
616,4,1
617,4,4
618,5,4
619,6,6
620,5,3
621,4,4
622,6,0
623,6,6
624,6,2
625,6,4
626,6,4
627,5,1
628,5,2
629,6,5
630,4,4
631,6,5
632,6,6
633,6,6
634,6,4
635,6,6
636,5,4
637,6,2
638,6,6
639,4,3
640,6,4
641,4,0
642,6,1
643,5,4
644,6,6
645,4,4
646,5,3
647,6,5
648,4,3
649,6,4
650,5,3
651,4,1
652,4,4
653,6,5
654,6,5
655,4,4
656,6,4
657,6,4
658,6,2
659,5,4
660,4,4
661,6,4
662,5,3
663,6,6
664,5,0
665,6,6
666,4,4
667,6,2
668,4,3
669,6,5
670,6,4
671,4,4
672,4,4
673,4,2
674,6,6
675,6,3
676,4,4
677,6,2
678,5,5
679,4,2
680,4,4
681,6,4
682,4,3
683,4,4
684,6,2
685,6,2
686,6,1
687,4,2
688,6,2
689,5,4
690,5,4
691,6,4
692,6,6
693,6,3
694,6,5
695,4,4
696,6,2
697,4,2
698,5,0
699,5,4
700,4,4
701,4,4
702,5,3
703,5,3
704,5,2
705,6,2
706,4,4
707,6,4
708,6,2
709,5,5
710,6,6
711,6,2
712,6,4
713,6,6
714,6,6
715,6,2
716,5,5
717,6,6
718,6,6
719,4,4
720,6,6
721,6,0
722,4,2
723,6,6
724,5,0
725,6,2
726,4,2
727,6,2
728,6,0
729,6,6
730,6,1
731,6,4
732,6,1
733,6,6
734,6,1
735,6,6
736,6,1
737,4,2
738,4,4
739,6,6
740,5,1
741,4,4
742,6,4
743,6,3
744,6,6
745,6,2
746,6,5
747,6,1
748,4,2
749,6,1
750,6,6
751,5,2
752,6,0
753,4,4
754,4,0
755,6,5
756,4,3
757,4,1
758,4,4
759,6,6
760,6,2
761,4,2
762,4,4
763,6,4
764,6,2
765,4,0
766,4,3
767,4,0
768,6,5
769,4,2
770,6,2
771,4,3
772,4,2
773,6,2
774,6,6
775,6,2
776,5,3
777,6,6
778,6,4
779,6,6
780,6,3
781,6,3
782,4,1
783,6,5
784,4,2
785,4,3
786,4,2
787,5,1
788,4,0
789,6,2
790,6,6
791,4,4
792,4,2
793,5,0
794,6,4
795,4,0
796,4,2
797,5,3
798,6,6
799,6,2
800,6,4
801,4,2
802,5,3
803,6,0
804,5,3
805,4,4
806,5,5
807,6,6
808,6,6
809,6,5
810,6,1
811,4,2
812,5,5
813,4,2
814,4,0
815,6,1
816,6,6
817,4,4
818,4,4
819,4,4
820,4,4
821,6,6
822,6,6
823,4,4
824,6,5
825,6,2
826,6,6
827,4,2
828,4,2
829,4,2
830,4,4
831,4,2
832,4,4
833,4,2
834,6,1
835,4,3
836,6,2
837,4,4
838,6,6
839,6,4
840,4,2
841,5,5
842,6,6
843,5,5
844,6,0
845,6,6
846,6,6
847,6,5
848,4,2
849,6,4
850,5,3
851,4,0
852,6,5
853,5,4
854,5,5
855,6,6
856,5,1
857,5,5
858,6,5
859,6,4
860,5,5
861,6,6
862,5,1
863,6,0
864,4,2
865,4,0
866,6,6
867,5,5
868,6,6
869,6,4
870,5,3
871,6,5
872,6,6
873,4,2
874,4,0
875,4,0
876,4,2
877,4,1
878,6,1
879,5,2
880,5,5
881,5,3
882,5,2
883,6,1
884,4,3
885,6,6
886,5,3
887,5,1
888,5,4
889,6,6
890,6,2
891,5,2
892,6,4
893,6,6
894,6,6
895,6,4
896,6,4
897,4,2
898,6,6
899,4,4
900,5,4
901,5,2
902,4,4
903,6,5
904,4,4
905,4,2
906,4,1
907,6,6
908,5,3
909,6,5
910,6,6
911,4,2
912,6,2
913,5,3
914,6,4
915,6,4
916,5,2
917,4,3
918,4,3
919,6,5
920,6,6
921,4,2
922,5,1
923,5,3
924,5,5
925,5,3
926,6,6
927,6,5
928,4,1
929,4,2
930,4,4
931,4,3
932,5,3
933,5,1
934,4,2
935,5,2
936,6,4
937,4,0
938,5,4
939,5,5
940,6,6
941,6,6
942,4,4
943,4,2
944,4,2
945,6,4
946,6,2
947,5,4
948,6,0
949,5,5
950,4,2
951,4,4
952,5,5
953,4,3
954,5,5
955,6,6
956,6,6
957,6,6
958,4,4
959,5,5
960,6,5
961,6,2
962,4,3
963,5,4
964,6,4
965,4,0
966,6,1
967,6,3
968,6,1
969,4,0
970,6,0
971,4,1
972,6,6
973,5,3
974,6,0
975,6,4
976,6,6
977,4,0
978,4,2
979,5,4
980,5,5
981,5,3
982,5,5
983,6,4
984,6,0
985,6,4
986,6,6
987,4,4
988,6,6
989,4,4
990,6,5
991,6,3
992,6,6
993,4,2
994,6,5
995,4,4
996,5,2
997,5,5
998,5,4
999,6,1
1000,6,5
1001,4,4
1002,6,6
1003,4,0
1004,4,3
1005,6,6
1006,6,4
1007,6,1
1008,4,2
1009,6,6
1010,4,2
1011,6,4
1012,4,3
1013,4,4
1014,5,3
1015,4,4
1016,4,3
1017,5,5
1018,4,0
1019,4,3
1020,6,6
1021,4,2
1022,6,5
1023,4,0
1024,5,3
1025,5,4
1026,6,4
1027,6,4
1028,5,3
1029,4,4
1030,6,3
1031,4,2
1032,6,6
1033,6,6
1034,4,4
1035,6,4
1036,5,1
1037,6,0
1038,4,0
1039,5,0
1040,6,4
1041,6,1
1042,6,6
1043,4,4
1044,4,4
1045,6,6
1046,6,6
1047,5,5
1048,6,4
1049,6,5
1050,6,6
1051,5,3
1052,4,0
1053,4,1
1054,6,6
1055,6,4
1056,4,4
1057,6,2
1058,4,4
1059,6,4
1060,4,2
1061,6,4
1062,6,1
1063,6,3
1064,4,4
1065,6,4
1066,5,1
1067,5,5
1068,4,2
1069,5,3
1070,6,3
1071,6,2
1072,4,2
1073,6,6
1074,4,4
1075,5,5
1076,4,3
1077,4,2
1078,4,4
1079,6,6
1080,5,3
1081,6,3
1082,4,0
1083,4,0
1084,6,4
1085,6,6
1086,6,4
1087,6,4
1088,5,1
1089,6,3
1090,4,4
1091,6,6
1092,4,0
1093,6,6
1094,4,2
1095,4,3
1096,4,2
1097,6,5
1098,6,4
1099,4,2
1100,6,3
1101,6,6
1102,4,0
1103,4,2
1104,6,3
1105,6,3
1106,4,4
1107,4,2
1108,6,3
1109,6,0
1110,5,4
1111,6,1
1112,6,2
1113,5,3
1114,6,6
1115,4,0
1116,6,6
1117,6,4
1118,5,1
1119,5,5
1120,6,6
1121,5,5
1122,6,5
1123,6,6
1124,6,3
1125,4,4
1126,6,3
1127,5,5
1128,6,5
1129,4,4
1130,4,2
1131,6,6
1132,5,4
1133,4,2
1134,5,3
1135,6,4
1136,4,2
1137,6,6
1138,6,5
1139,6,4
1140,4,4
1141,5,5
1142,6,5
1143,5,5
1144,5,2
1145,6,2
1146,4,0
1147,6,3
1148,6,0
1149,6,2
1150,6,4
1151,6,4
1152,6,3
1153,4,1
1154,6,4
1155,5,0
1156,5,3
1157,6,6
1158,6,2
1159,4,4
1160,4,2
1161,6,0
1162,6,5
1163,4,4
1164,5,3
1165,6,4
1166,4,3
1167,6,4
1168,6,3
1169,6,4
1170,4,4
1171,6,2
1172,6,6
1173,5,1
1174,4,4
1175,5,5
1176,4,4
1177,4,2
1178,5,5
1179,4,4
1180,6,6
1181,5,5
1182,6,4
1183,6,6
1184,6,5
1185,6,4
1186,6,5
1187,4,4
1188,5,0
1189,4,2
1190,6,4
1191,6,6
1192,4,0
1193,4,4
1194,5,4
1195,6,5
1196,6,6
1197,4,1
1198,6,6
1199,4,4
1200,4,0
1201,6,4
1202,5,3
1203,4,0
1204,4,4
1205,6,6
1206,6,4
1207,5,5
1208,6,5
1209,6,5
1210,6,2
1211,5,2
1212,6,4
1213,6,3
1214,6,4
1215,5,0
1216,4,0
1217,5,3
1218,5,3
1219,6,5
1220,4,4
1221,4,4
1222,6,1
1223,6,4
1224,4,4
1225,6,2
1226,6,4
1227,6,6
1228,6,2
1229,6,5
1230,5,3
1231,4,0
1232,6,5
1233,5,4
1234,5,1
1235,6,6
1236,6,5
1237,6,4
1238,6,6
1239,6,4
1240,4,2
1241,6,6
1242,4,0
1243,6,1
1244,6,1
1245,6,6
1246,6,6
1247,6,2
1248,4,4
1249,6,5
1250,4,0
1251,4,3
1252,5,0
1253,4,0
1254,6,1
1255,5,3
1256,6,0
1257,4,1
1258,5,5
1259,4,4
1260,6,4
1261,4,4
1262,5,5
1263,6,4
1264,5,5
1265,4,3
1266,6,3
1267,6,4
1268,6,6
1269,4,1
1270,6,6
1271,6,4
1272,6,6
1273,5,3
1274,4,4
1275,4,4
1276,5,4
1277,4,4
1278,4,4
1279,4,4
1280,4,2
1281,4,2
1282,6,1
1283,6,5
1284,5,3
1285,6,1
1286,6,6
1287,6,6
1288,6,4
1289,4,1
1290,6,5
1291,4,4
1292,6,6
1293,6,6
1294,4,4
1295,6,6
1296,4,4
1297,4,2
1298,6,4
1299,6,3
1300,6,6
1301,4,4
1302,4,4
1303,6,4
1304,6,5
1305,6,6
1306,5,3
1307,5,2
1308,4,2
1309,5,4
1310,4,2
1311,4,1
1312,6,2
1313,5,5
1314,5,5
1315,6,4
1316,5,3
1317,4,4
1318,5,5
1319,4,4
1320,4,4
1321,4,4
1322,6,4
1323,5,5
1324,6,4
1325,6,1
1326,4,3
1327,6,1
1328,6,3
1329,6,2
1330,6,6
1331,4,4
1332,6,5
1333,6,3
1334,6,5
1335,5,5
1336,6,6
1337,4,4
1338,4,4
1339,6,6
1340,5,4
1341,5,3
1342,6,4
1343,6,4
1344,5,5
1345,4,4
1346,6,4
1347,6,4
1348,6,5
1349,6,4
1350,6,0
1351,6,6
1352,6,5
1353,6,3
1354,4,2
1355,6,6
1356,6,2
1357,5,2
1358,6,6
1359,4,4
1360,5,3
1361,4,4
1362,4,3
1363,4,4
1364,6,6
1365,6,6
1366,6,3
1367,6,4
1368,6,6
1369,6,2
1370,4,4
1371,6,3
1372,4,4
1373,6,1
1374,6,2
1375,6,3
1376,5,2
1377,6,6
1378,6,6
1379,6,1
1380,6,3
1381,6,2
1382,5,5
1383,6,6
1384,6,5
1385,4,2
1386,6,6
1387,4,4
1388,5,5
1389,6,5
1390,6,6
1391,4,1
1392,6,4
1393,4,0
1394,4,2
1395,6,3
1396,4,4
1397,6,2
1398,6,6
1399,6,6
1400,4,4
1401,6,4
1402,5,3
1403,6,4
1404,4,0
1405,4,0
1406,5,4
1407,6,6
1408,6,6
1409,5,4
1410,4,2
1411,4,4
1412,4,4
1413,5,3
1414,4,0
1415,4,1
1416,6,2
1417,4,4
1418,5,5
1419,4,3
1420,4,4
1421,6,5
1422,6,6
1423,5,4
1424,6,6
1425,4,1
1426,4,0
1427,6,6
1428,5,1
1429,4,4
1430,5,1
1431,4,1
1432,6,1
1433,6,6
1434,4,0
1435,4,4
1436,6,4
1437,4,3
1438,5,3
1439,6,4
1440,4,0
1441,4,2
1442,5,3
1443,6,2
1444,6,2
1445,6,6
1446,4,1
1447,6,5
1448,6,6
1449,6,3
1450,6,2
1451,6,6
1452,5,0
1453,6,4
1454,4,3
1455,4,3
1456,6,2
1457,4,4
1458,4,1
1459,6,6
1460,6,6
1461,4,4
1462,6,2
1463,4,3
1464,5,2
1465,4,2
1466,6,6
1467,6,1
1468,5,1
1469,4,2
1470,6,6
1471,5,5
1472,4,2
1473,5,3
1474,6,3
1475,4,3
1476,4,0
1477,4,0
1478,5,3
1479,6,0
1480,4,0
1481,6,5
1482,6,5
1483,5,1
1484,6,3
1485,5,5
1486,6,6
1487,4,4
1488,5,2
1489,4,0
1490,5,5
1491,4,2
1492,5,5
1493,4,1
1494,4,4
1495,6,5
1496,6,4
1497,4,2
1498,4,3
1499,5,3
1500,5,3
1501,4,4
1502,5,3
1503,6,3
1504,6,6
1505,6,4
1506,5,1
1507,6,5
1508,4,2
1509,5,3
1510,6,6
1511,5,1
1512,4,4
1513,4,3
1514,4,3
1515,5,5
1516,6,4
1517,4,0
1518,5,3
1519,5,3
1520,6,0
1521,6,5
1522,6,1
1523,6,1
1524,4,4
1525,4,4
1526,5,4
1527,6,6
1528,4,2
1529,4,2
1530,5,4
1531,4,4
1532,5,5
1533,4,2
1534,4,3
1535,6,6
1536,4,2
1537,5,0
1538,6,4
1539,6,6
1540,5,2
1541,6,6
1542,4,3
1543,4,0
1544,4,3
1545,4,1
1546,5,2
1547,6,6
1548,6,3
1549,6,2
1550,4,2
1551,4,4
1552,4,4
1553,5,5
1554,6,6
1555,5,4
1556,6,2
1557,4,3
1558,5,5
1559,6,2
1560,4,1
1561,6,4
1562,4,4
1563,6,4
1564,4,1
1565,6,3
1566,6,6
1567,5,5
1568,4,3
1569,5,4
1570,5,4
1571,5,5
1572,4,0
1573,5,5
1574,6,3
1575,4,2
1576,4,4
1577,6,5
1578,5,4
1579,6,1
1580,6,1
1581,6,6
1582,6,2
1583,6,4
1584,5,4
1585,6,2
1586,6,6
1587,5,4
1588,4,0
1589,4,4
1590,6,2
1591,6,2
1592,6,6
1593,4,4
1594,6,1
1595,6,0
1596,6,4
1597,4,4
1598,4,4
1599,4,3
1600,4,4
1601,6,6
1602,4,4
1603,6,6
1604,5,2
1605,6,5
1606,6,6
1607,4,3
1608,5,4
1609,4,4
1610,6,6
1611,4,0
1612,6,6
1613,6,4
1614,6,1
1615,6,6
1616,4,0
1617,6,6
1618,4,3
1619,4,2
1620,4,2
1621,5,5
1622,5,5
1623,5,5
1624,5,3
1625,6,6
1626,4,4
1627,5,1
1628,5,3
1629,4,4
1630,4,4
1631,4,2
1632,4,4
1633,6,2
1634,4,4
1635,6,6
1636,6,6
1637,4,4
1638,6,5
1639,5,3
1640,5,4
1641,6,5
1642,5,5
1643,6,4
1644,6,6
1645,4,4
1646,5,4
1647,5,4
1648,6,4
1649,6,4
1650,4,0
1651,4,1
1652,6,1
1653,4,2
1654,4,4
1655,5,3
1656,6,5
1657,6,6
1658,5,2
1659,4,4
1660,6,6
1661,4,0
1662,4,3
1663,4,2
1664,5,5
1665,6,3
1666,5,5
1667,4,1
1668,6,0
1669,4,3
1670,6,6
1671,4,3
1672,6,2
1673,6,4
1674,6,1
1675,6,6
1676,6,6
1677,5,4
1678,6,4
1679,4,4
1680,4,4
1681,4,2
1682,4,4
1683,6,4
1684,4,4
1685,6,2
1686,6,2
1687,5,5
1688,6,6
1689,5,5
1690,5,5
1691,6,6
1692,4,4
1693,4,4
1694,6,6
1695,6,2
1696,5,5
1697,6,3
1698,6,4
1699,6,6
1700,5,5
1701,5,3
1702,4,4
1703,4,2
1704,5,1
1705,6,4
1706,6,3
1707,6,6
1708,5,3
1709,6,4
1710,5,3
1711,6,4
1712,5,5
1713,5,1
1714,6,4
1715,4,4
1716,6,5
1717,6,3
1718,4,4
1719,6,4
1720,6,0
1721,5,5
1722,5,5
1723,4,0
1724,4,3
1725,6,2
1726,5,3
1727,5,5
1728,6,3
1729,4,4
1730,6,6
1731,6,4
1732,4,2
1733,4,3
1734,6,5
1735,6,6
1736,5,5
1737,6,4
1738,6,6
1739,6,2
1740,6,0
1741,5,5
1742,6,4
1743,4,2
1744,6,4
1745,4,4
1746,5,5
1747,6,6
1748,5,1
1749,6,6
1750,6,6
1751,6,4
1752,5,5
1753,4,2
1754,4,0
1755,4,3
1756,5,3
1757,4,0
1758,5,2
1759,6,6
1760,5,5
1761,5,0
1762,6,5
1763,6,6
1764,5,2
1765,6,4
1766,4,4
1767,6,4
1768,6,1
1769,5,5
1770,6,3
1771,4,4
1772,6,4
1773,5,1
1774,5,2
1775,4,4
1776,5,5
1777,5,5
1778,4,0
1779,5,1
1780,4,2
1781,5,3
1782,6,4
1783,6,3
1784,5,3
1785,5,3
1786,4,4
1787,6,4
1788,4,4
1789,6,6
1790,5,1
1791,4,1
1792,4,2
1793,6,5
1794,6,4
1795,4,4
1796,6,4
1797,6,5
1798,6,6
1799,4,4
1800,6,4
1801,4,4
1802,4,2
1803,4,1
1804,6,6
1805,4,4
1806,4,4
1807,5,3
1808,5,0
1809,5,5
1810,5,3
1811,6,6
1812,5,1
1813,6,2
1814,6,6
1815,5,5
1816,4,4
1817,6,4
1818,4,4
1819,4,2
1820,4,4
1821,6,2
1822,6,2
1823,4,2
1824,6,4
1825,5,0
1826,5,5
1827,4,4
1828,6,6
1829,5,3
1830,6,3
1831,6,5
1832,6,5
1833,6,5
1834,6,6
1835,6,3
1836,6,3
1837,4,4
1838,6,5
1839,6,4
1840,6,0
1841,6,6
1842,6,3
1843,6,6
1844,6,1
1845,5,5
1846,5,3
1847,6,2
1848,5,5
1849,4,2
1850,5,5
1851,6,2
1852,6,4
1853,4,4
1854,6,5
1855,6,4
1856,6,6
1857,4,2
1858,5,3
1859,4,3
1860,4,4
1861,6,1
1862,6,2
1863,4,2
1864,6,5
1865,5,5
1866,6,4
1867,4,4
1868,6,3
1869,6,4
1870,5,1
1871,6,6
1872,6,1
1873,5,3
1874,6,2
1875,5,1
1876,6,5
1877,6,4
1878,6,6
1879,4,4
1880,6,6
1881,6,4
1882,6,4
1883,6,6
1884,6,4
1885,5,5
1886,5,5
1887,6,6
1888,6,0
1889,6,3
1890,6,2
1891,6,0
1892,5,5
1893,6,4
1894,6,1
1895,4,0
1896,6,6
1897,6,2
1898,5,2
1899,4,0
1900,6,0
1901,6,1
1902,4,4
1903,4,4
1904,4,0
1905,6,6
1906,4,4
1907,5,5
1908,6,3
1909,6,3
1910,6,0
1911,4,2
1912,6,4
1913,6,4
1914,4,4
1915,6,5
1916,5,3
1917,4,2
1918,5,1
1919,6,5
1920,6,5
1921,6,4
1922,6,2
1923,4,4
1924,4,4
1925,4,0
1926,6,4
1927,6,0
1928,4,4
1929,4,4
1930,6,4
1931,6,6
1932,5,4
1933,4,2
1934,4,4
1935,4,4
1936,4,4
1937,6,0
1938,5,2
1939,6,6
1940,5,5
1941,4,2
1942,5,2
1943,6,0
1944,6,6
1945,5,2
1946,6,6
1947,4,3
1948,4,0
1949,6,6
1950,5,3
1951,4,4
1952,6,4
1953,6,3
1954,4,0
1955,5,2
1956,6,6
1957,6,5
1958,4,4
1959,6,4
1960,6,6
1961,4,2
1962,6,2
1963,6,5
1964,6,2
1965,6,4
1966,4,0
1967,4,4
1968,4,4
1969,4,2
1970,6,0
1971,6,4
1972,6,6
1973,6,4
1974,6,4
1975,5,5
1976,6,5
1977,6,4
1978,6,6
1979,6,4
1980,5,1
1981,6,5
1982,4,1
1983,6,6
1984,6,5
1985,5,3
1986,6,6
1987,6,6
1988,6,2
1989,4,4
1990,6,4
1991,6,5
1992,6,0
1993,6,4
1994,6,1
1995,6,6
1996,6,4
1997,4,4
1998,4,0
1999,6,1
2000,6,0
2001,4,2
2002,6,4
2003,6,5
2004,4,4
2005,6,3
2006,5,4
2007,6,0
2008,6,6
2009,5,1
2010,6,6
2011,5,3
2012,4,1
2013,5,3
2014,6,4
2015,4,2
2016,5,1
2017,6,4
2018,4,2
2019,6,6
2020,4,3
2021,5,5
2022,4,1
2023,4,3
2024,4,3
2025,5,3
2026,6,3
2027,5,5
2028,5,3
2029,4,4
2030,6,3
2031,6,6
2032,4,4
2033,6,5
2034,6,5
2035,6,4
2036,4,2
2037,6,4
2038,6,6
2039,5,5
2040,6,3
2041,6,6
2042,6,0
2043,6,6
2044,6,5
2045,5,3
2046,6,5
2047,6,2
2048,4,0
2049,4,4
2050,4,3
2051,4,2
2052,6,5
2053,6,6
2054,5,3
2055,6,3
2056,6,0
2057,6,5
2058,6,6
2059,4,2
2060,6,4
2061,4,0
2062,4,3
2063,5,3
2064,6,6
2065,5,4
2066,5,5
2067,5,4
2068,4,4
2069,5,2
2070,6,0
2071,4,4
2072,4,2
2073,4,0
2074,5,0
2075,6,5
2076,5,5
2077,5,5
2078,5,3
2079,6,5
2080,4,2
2081,6,2
2082,6,4
2083,6,6
2084,6,0
2085,6,6
2086,4,4
2087,6,6
2088,4,4
2089,4,4
2090,6,5
2091,5,3
2092,5,5
2093,6,3
2094,6,1
2095,6,0
2096,4,4
2097,5,3
2098,6,2
2099,6,2
2100,4,4
2101,6,5
2102,6,3
2103,6,2
2104,6,6
2105,6,4
2106,5,5
2107,4,2
2108,6,1
2109,6,4
2110,6,2
2111,5,1
2112,4,4
2113,5,2
2114,4,4
2115,4,4
2116,4,4
2117,6,3
2118,6,4
2119,5,1
2120,4,4
2121,4,3
2122,6,2
2123,6,0
2124,5,5
2125,5,2
2126,6,0
2127,6,6
2128,6,4
2129,4,2
2130,5,5
2131,6,3
2132,5,5
2133,5,3
2134,5,0
2135,6,2
2136,5,3
2137,5,4
2138,5,1
2139,6,4
2140,6,4
2141,4,4
2142,5,5
2143,6,1
2144,5,5
2145,6,4
2146,6,1
2147,5,1
2148,6,6
2149,5,4
2150,6,1
2151,6,2
2152,6,2
2153,5,5
2154,6,6
2155,6,4
2156,6,6
2157,4,2
2158,6,6
2159,6,0
2160,6,3
2161,6,2
2162,6,2
2163,4,2
2164,4,0
2165,6,6
2166,4,1
2167,6,3
2168,4,4
2169,6,2
2170,4,0
2171,6,6
2172,4,4
2173,6,5
2174,4,2
2175,6,3
2176,5,5
2177,4,2
2178,6,0
2179,6,6
2180,4,1
2181,6,5
2182,4,0
2183,4,2
2184,5,1
2185,6,5
2186,6,4
2187,6,4
2188,5,3
2189,4,4
2190,6,2
2191,5,1
2192,4,4
2193,5,5
2194,6,6
2195,6,3
2196,4,2
2197,4,2
2198,6,6
2199,6,4
2200,5,2
2201,5,5
2202,6,6
2203,4,3
2204,6,2
2205,5,1
2206,6,1
2207,6,3
2208,5,5
2209,4,4
2210,5,5
2211,6,2
2212,5,3
2213,6,5
2214,6,2
2215,5,1
2216,5,5
2217,4,3
2218,4,4
2219,5,5
2220,4,4
2221,4,2
2222,4,3
2223,4,1
2224,6,6
2225,6,6
2226,6,6
2227,6,6
2228,6,6
2229,5,5
2230,6,4
2231,6,5
2232,4,4
2233,6,4
2234,4,0
2235,6,6
2236,6,6
2237,6,4
2238,4,4
2239,6,6
2240,4,0
2241,4,4
2242,4,4
2243,5,3
2244,6,6
2245,5,4
2246,6,4
2247,6,6
2248,4,1
2249,6,2
2250,6,6
2251,4,4
2252,6,5
2253,6,4
2254,4,3
2255,6,6
2256,6,4
2257,5,5
2258,6,6
2259,6,1
2260,4,4
2261,6,6
2262,4,2
2263,4,0
2264,4,4
2265,6,6
2266,4,2
2267,5,2
2268,6,5
2269,6,2
2270,6,4
2271,6,2
2272,4,0
2273,5,5
2274,6,6
2275,5,2
2276,5,5
2277,6,0
2278,6,4
2279,6,3
2280,5,5
2281,6,6
2282,5,3
2283,4,2
2284,6,2
2285,4,0
2286,6,6
2287,5,1
2288,6,1
2289,4,2
2290,5,5
2291,6,3
2292,4,0
2293,6,1
2294,6,2
2295,6,6
2296,4,4
2297,6,6
2298,5,4
2299,6,2
2300,5,2
2301,4,4
2302,6,6
2303,4,2
2304,5,3
2305,4,4
2306,5,4
2307,4,4
2308,5,1
2309,6,4
2310,6,6
2311,5,5
2312,6,6
2313,6,6
2314,4,2
2315,4,2
2316,4,4
2317,5,4
2318,6,6
2319,5,5
2320,5,4
2321,4,0
2322,6,6
2323,6,1
2324,5,1
2325,5,5
2326,5,5
2327,6,6
2328,6,6
2329,5,4
2330,5,2
2331,4,1
2332,4,2
2333,4,2
2334,6,4
2335,6,0
2336,6,2
2337,4,2
2338,5,4
2339,6,2
2340,5,1
2341,6,6
2342,4,0
2343,4,4
2344,5,2
2345,6,3
2346,6,5
2347,6,0
2348,4,1
2349,6,4
2350,6,6
2351,6,6
2352,6,6
2353,4,4
2354,6,3
2355,4,2
2356,6,4
2357,6,3
2358,5,0
2359,6,4
2360,6,1
2361,6,6
2362,4,2
2363,5,5
2364,6,1
2365,5,4
2366,6,2
2367,5,4
2368,5,5
2369,5,1
2370,4,4
2371,5,5
2372,6,6
2373,6,3
2374,4,2
2375,6,6
2376,4,3
2377,5,3
2378,6,6
2379,6,6
2380,4,0
2381,6,5
2382,5,4
2383,6,3
2384,6,6
2385,6,0
2386,5,0
2387,5,2
2388,6,0
2389,6,6
2390,6,0
2391,6,3
2392,4,4
2393,6,4
2394,6,6
2395,5,3
2396,6,4
2397,6,2
2398,5,5
2399,6,1
2400,6,4
2401,6,4
2402,4,2
2403,6,6
2404,5,4
2405,4,0
2406,6,4
2407,4,4
2408,4,0
2409,4,0
2410,6,3
2411,6,5
2412,6,4
2413,5,1
2414,6,6
2415,4,0
2416,5,5
2417,4,4
2418,4,1
2419,6,6
2420,4,4
2421,4,4
2422,4,0
2423,6,6
2424,4,0
2425,6,0
2426,4,0
2427,6,5
2428,4,2
2429,4,2
2430,6,3
2431,4,3
2432,6,5
2433,6,5
2434,6,2
2435,5,5
2436,5,5
2437,5,5
2438,6,0
2439,4,4
2440,6,4
2441,6,5
2442,4,4
2443,6,2
2444,6,6
2445,4,4
2446,6,1
2447,6,6
2448,6,0
2449,6,2
2450,4,0
2451,4,4
2452,4,2
2453,4,2
2454,6,3
2455,6,2
2456,5,2
2457,6,5
2458,5,3
2459,6,3
2460,4,0
2461,4,2
2462,4,4
2463,5,4
2464,6,5
2465,4,4
2466,5,1
2467,4,0
2468,6,5
2469,5,5
2470,5,5
2471,6,5
2472,6,2
2473,4,0
2474,6,4
2475,6,4
2476,6,5
2477,4,4
2478,5,1
2479,5,5
2480,6,2
2481,5,4
2482,4,2
2483,4,0
2484,5,3
2485,6,3
2486,5,0
2487,6,6
2488,4,4
2489,4,4
2490,4,4
2491,6,6
2492,6,4
2493,4,4
2494,4,1
2495,6,5
2496,6,6
2497,6,3
2498,4,2
2499,6,1
2500,4,0
2501,5,5
2502,6,2
2503,5,3
2504,6,4
2505,4,4
2506,5,2
2507,4,0
2508,6,5
2509,6,5
2510,6,6
2511,6,5
2512,6,6
2513,4,2
2514,4,2
2515,4,2
2516,6,0
2517,4,4
2518,5,5
2519,6,4
2520,6,3
2521,4,4
2522,4,2
2523,4,2
2524,4,2
2525,4,2
2526,6,1
2527,6,4
2528,6,6
2529,4,0
2530,6,4
2531,6,2
2532,4,4
2533,5,3
2534,6,5
2535,6,6
2536,4,0
2537,4,4
2538,4,4
2539,4,4
2540,6,2
2541,5,5
2542,6,6
2543,4,4
2544,6,4
2545,6,1
2546,5,3
2547,4,4
2548,6,6
2549,6,6
2550,4,4
2551,6,4
2552,6,1
2553,4,3
2554,4,3
2555,4,2
2556,5,3
2557,5,1
2558,6,1
2559,6,6
2560,5,5
2561,6,6
2562,6,5
2563,4,0
2564,5,2
2565,5,2
2566,4,3
2567,6,1
2568,5,5
2569,6,6
2570,5,4
2571,4,2
2572,4,1
2573,6,5
2574,6,5
2575,4,2
2576,5,1
2577,5,4
2578,4,4
2579,6,6
2580,6,2
2581,6,6
2582,5,5
2583,5,5
2584,6,5
2585,5,4
2586,4,0
2587,5,3
2588,4,0
2589,6,5
2590,6,6
2591,6,4
2592,4,0
2593,4,2
2594,4,0
2595,6,4
2596,6,6
2597,5,5
2598,4,4
2599,6,4
2600,6,4
2601,6,0
2602,6,4
2603,6,3
2604,4,3
2605,6,4
2606,4,4
2607,6,1
2608,6,6
2609,4,1
2610,4,0
2611,6,6
2612,4,4
2613,4,4
2614,5,4
2615,4,2
2616,5,3
2617,4,4
2618,6,0
2619,6,3
2620,4,4
2621,4,4
2622,4,4
2623,6,4
2624,5,3
2625,4,2
2626,6,6
2627,6,6
2628,6,6
2629,5,5
2630,4,2
2631,4,1
2632,4,2
2633,6,6
2634,6,4
2635,6,0
2636,5,5
2637,6,6
2638,4,4
2639,4,4
2640,4,4
2641,6,4
2642,6,4
2643,6,2
2644,4,3
2645,4,0
2646,5,1
2647,6,6
2648,5,1
2649,6,6
2650,6,6
2651,6,6
2652,5,2
2653,6,3
2654,6,5
2655,6,4
2656,5,2
2657,5,1
2658,6,3
2659,4,4
2660,6,2
2661,6,4
2662,6,4
2663,6,2
2664,6,4
2665,5,2
2666,4,0
2667,6,5
2668,4,3
2669,6,5
2670,4,4
2671,6,4
2672,6,2
2673,5,1
2674,5,3
2675,6,5
2676,4,2
2677,5,1
2678,6,6
2679,6,5
2680,4,4
2681,4,0
2682,4,0
2683,6,6
2684,6,6
2685,6,6
2686,4,4
2687,6,3
2688,6,4
2689,6,5
2690,6,6
2691,4,3
2692,6,6
2693,6,2
2694,6,6
2695,6,4
2696,5,4
2697,6,6
2698,5,0
2699,6,4
2700,6,4
2701,4,4
2702,4,0
2703,6,2
2704,6,0
2705,6,3
2706,6,6
2707,6,6
2708,4,2
2709,5,3
2710,4,2
2711,6,4
2712,4,1
2713,6,2
2714,5,5
2715,6,6
2716,5,4
2717,6,6
2718,6,2
2719,5,3
2720,6,6
2721,6,4
2722,4,4
2723,4,4
2724,4,2
2725,5,3
2726,5,3
2727,5,3
2728,4,4
2729,6,5
2730,4,2
2731,4,1
2732,5,2
2733,6,0
2734,6,4
2735,4,2
2736,6,6
2737,6,6
2738,5,4
2739,6,4
2740,4,4
2741,4,2
2742,4,4
2743,6,5
2744,6,5
2745,6,2
2746,6,2
2747,5,3
2748,4,2
2749,6,4
2750,6,5
2751,6,4
2752,5,0
2753,6,0
2754,5,5
2755,6,6
2756,6,0
2757,6,3
2758,4,4
2759,5,4
2760,6,6
2761,5,1
2762,6,5
2763,6,0
2764,5,4
2765,6,3
2766,4,2
2767,6,5
2768,4,0
2769,4,3
2770,4,2
2771,4,1
2772,5,5
2773,4,3
2774,6,5
2775,6,6
2776,4,0
2777,5,5
2778,6,6
2779,4,2
2780,6,5
2781,6,2
2782,5,4
2783,6,1
2784,6,3
2785,6,3
2786,6,5
2787,4,0
2788,4,1
2789,6,6
2790,4,4
2791,6,1
2792,6,3
2793,4,2
2794,4,4
2795,6,3
2796,6,0
2797,4,3
2798,4,2
2799,4,3
2800,5,0
2801,6,5
2802,6,3
2803,6,2
2804,4,3
2805,6,2
2806,6,5
2807,5,3
2808,6,6
2809,6,6
2810,5,4
2811,5,2
2812,6,0
2813,4,0
2814,4,4
2815,4,2
2816,4,0
2817,6,1
2818,5,5
2819,6,4
2820,5,0
2821,6,4
2822,6,5
2823,4,2
2824,6,6
2825,6,5
2826,5,4
2827,4,2
2828,6,5
2829,6,6
2830,6,1
2831,4,2
2832,4,4
2833,5,5
2834,4,2
2835,5,3
2836,5,1
2837,6,6
2838,6,4
2839,6,3
2840,6,2
2841,5,3
2842,6,3
2843,6,6
2844,6,2
2845,6,6
2846,6,6
2847,4,2
2848,5,3
2849,6,4
2850,4,0
2851,6,6
2852,6,1
2853,6,4
2854,4,4
2855,6,5
2856,6,6
2857,6,0
2858,4,0
2859,6,5
2860,5,5
2861,5,0
2862,4,3
2863,5,5
2864,6,2
2865,6,4
2866,6,2
2867,6,2
2868,5,3
2869,6,2
2870,6,4
2871,6,6
2872,4,2
2873,6,2
2874,6,6
2875,6,6
2876,5,1
2877,6,4
2878,4,4
2879,6,4
2880,4,4
2881,6,6
2882,4,2
2883,6,4
2884,5,3
2885,4,0
2886,6,4
2887,5,3
2888,6,2
2889,4,4
2890,6,4
2891,4,0
2892,4,4
2893,6,2
2894,6,2
2895,6,6
2896,4,1
2897,6,1
2898,5,5
2899,6,4
2900,6,5
2901,6,2
2902,5,4
2903,4,2
2904,6,5
2905,6,4
2906,6,3
2907,5,5
2908,4,0
2909,6,1
2910,6,1
2911,6,6
2912,6,4
2913,6,3
2914,6,4
2915,6,4
2916,6,4
2917,6,2
2918,5,5
2919,4,4
2920,6,0
2921,6,5
2922,6,2
2923,6,4
2924,6,4
2925,6,6
2926,4,1
2927,4,4
2928,4,4
2929,4,0
2930,6,0
2931,6,5
2932,6,4
2933,4,4
2934,4,1
2935,6,6
2936,5,2
2937,4,4
2938,6,6
2939,4,4
2940,6,6
2941,4,2
2942,5,3
2943,6,4
2944,6,6
2945,5,4
2946,5,2
2947,4,2
2948,6,6
2949,4,4
2950,4,2
2951,6,5
2952,5,5
2953,4,4
2954,6,6
2955,4,2
2956,5,5
2957,6,1
2958,5,3
2959,6,6
2960,4,0
2961,6,2
2962,4,4
2963,6,3
2964,6,6
2965,6,3
2966,6,3
2967,6,2
2968,6,5
2969,6,4
2970,6,6
2971,6,0
2972,5,5
2973,6,4
2974,6,4
2975,4,3
2976,4,4
2977,6,6
2978,5,3
2979,4,4
2980,4,2
2981,6,2
2982,6,2
2983,4,0
2984,4,0
2985,6,2
2986,6,6
2987,4,4
2988,4,3
2989,6,1
2990,5,5
2991,4,4
2992,4,4
2993,4,4
2994,6,1
2995,5,5
2996,6,5
2997,4,2
2998,6,0
2999,5,5
3000,6,2
3001,6,4
3002,6,1
3003,5,4
3004,4,4
3005,6,6
3006,5,2
3007,6,5
3008,6,5
3009,6,6
3010,5,5
3011,5,4
3012,4,4
3013,4,2
3014,6,3
3015,6,2
3016,6,5
3017,6,2
3018,4,0
3019,6,2
3020,6,6
3021,5,5
3022,6,4
3023,6,6
3024,6,6
3025,6,6
3026,6,0
3027,5,0
3028,6,4
3029,4,2
3030,6,0
3031,4,4
3032,5,3
3033,5,3
3034,5,4
3035,4,4
3036,6,4
3037,4,4
3038,4,2
3039,6,6
3040,5,5
3041,4,4
3042,6,5
3043,6,2
3044,6,3
3045,6,6
3046,6,6
3047,5,4
3048,4,4
3049,6,2
3050,6,2
3051,4,2
3052,6,3
3053,4,0
3054,4,1
3055,4,3
3056,5,2
3057,6,5
3058,5,4
3059,6,6
3060,6,2
3061,4,2
3062,4,1
3063,6,6
3064,6,2
3065,5,2
3066,5,5
3067,6,6
3068,6,3
3069,4,2
3070,4,4
3071,6,0
3072,4,0
3073,4,1
3074,6,6
3075,4,4
3076,4,1
3077,6,3
3078,6,4
3079,6,6
3080,4,4
3081,6,4
3082,6,5
3083,6,6
3084,6,2
3085,4,2
3086,5,3
3087,6,4
3088,6,4
3089,5,2
3090,5,5
3091,4,4
3092,6,6
3093,5,4
3094,6,2
3095,6,5
3096,5,5
3097,4,2
3098,4,4
3099,5,3
3100,4,0
3101,5,3
3102,4,4
3103,5,3
3104,6,6
3105,4,4
3106,5,3
3107,4,4
3108,5,1
3109,4,2
3110,4,4
3111,4,4
3112,5,4
3113,6,6
3114,4,2
3115,4,2
3116,6,4
3117,6,3
3118,5,0
3119,4,4
3120,6,2
3121,6,4
3122,4,3
3123,4,4
3124,6,4
3125,4,3
3126,6,4
3127,6,4
3128,6,2
3129,5,5
3130,4,4
3131,6,1
3132,5,4
3133,4,1
3134,4,1
3135,6,4
3136,6,4
3137,4,4
3138,4,4
3139,5,2
3140,6,5
3141,5,5
3142,6,6
3143,4,2
3144,5,5
3145,4,1
3146,6,0
3147,6,6
3148,5,5
3149,6,3
3150,4,4
3151,4,2
3152,6,5
3153,6,6
3154,6,6
3155,6,6
3156,6,4
3157,5,0
3158,5,1
3159,6,4
3160,4,4
3161,6,6
3162,4,4
3163,5,1
3164,5,1
3165,6,6
3166,5,5
3167,6,5
3168,6,5
3169,6,5
3170,4,2
3171,6,0
3172,4,2
3173,6,4
3174,6,2
3175,4,4
3176,6,6
3177,4,3
3178,4,4
3179,5,3
3180,5,3
3181,6,4
3182,5,3
3183,6,5
3184,6,0
3185,6,4
3186,5,2
3187,4,2
3188,6,5
3189,6,3
3190,6,5
3191,4,2
3192,6,3
3193,5,2
3194,6,4
3195,5,0
3196,6,4
3197,6,4
3198,4,0
3199,5,5
3200,6,6
3201,5,5
3202,6,5
3203,6,6
3204,6,4
3205,5,2
3206,5,3
3207,4,4
3208,6,6
3209,6,6
3210,6,6
3211,6,6
3212,6,6
3213,5,4
3214,5,5
3215,4,0
3216,6,6
3217,6,5
3218,4,2
3219,4,2
3220,6,3
3221,5,5
3222,6,6
3223,6,0
3224,5,4
3225,4,3
3226,5,0
3227,4,4
3228,4,2
3229,5,3
3230,6,0
3231,6,6
3232,4,4
3233,6,3
3234,6,2
3235,5,3
3236,6,1
3237,6,6
3238,6,6
3239,6,0
3240,6,1
3241,6,6
3242,6,4
3243,6,4
3244,6,5
3245,6,6
3246,5,3
3247,5,4
3248,4,4
3249,4,0
3250,6,6
3251,6,6
3252,4,4
3253,6,2
3254,5,5
3255,6,6
3256,4,2
3257,5,2
3258,6,5
3259,4,4
3260,6,2
3261,5,1
3262,5,3
3263,5,1
3264,6,6
3265,5,3
3266,4,4
3267,4,2
3268,6,5
3269,6,4
3270,4,4
3271,5,0
3272,6,6
3273,5,5
3274,4,2
3275,4,2
3276,6,4
3277,6,0
3278,4,3
3279,6,1
3280,6,2
3281,6,4
3282,4,3
3283,4,4
3284,6,6
3285,6,2
3286,6,2
3287,6,6
3288,6,4
3289,4,3
3290,6,3
3291,5,3
3292,6,2
3293,6,6
3294,4,2
3295,6,5
3296,6,4
3297,6,6
3298,4,3
3299,5,1
3300,6,3
3301,4,4
3302,6,3
3303,4,2
3304,6,6
3305,4,4
3306,4,0
3307,5,3
3308,5,5
3309,6,3
3310,4,1
3311,6,4
3312,5,5
3313,5,3
3314,6,1
3315,4,4
3316,4,4
3317,5,5
3318,6,1
3319,6,3
3320,5,3
3321,5,1
3322,4,2
3323,6,6
3324,6,0
3325,6,5
3326,6,2
3327,6,3
3328,4,2
3329,4,0
3330,6,3
3331,4,4
3332,6,4
3333,6,2
3334,5,3
3335,6,5
3336,5,2
3337,4,2
3338,4,2
3339,6,5
3340,4,4
3341,5,5
3342,4,2
3343,6,4
3344,5,4
3345,4,3
3346,6,3
3347,6,1
3348,6,1
3349,6,5
3350,4,0
3351,4,4
3352,6,3
3353,5,2
3354,4,4
3355,5,3
3356,4,0
3357,5,2
3358,6,2
3359,5,4
3360,6,5
3361,4,4
3362,4,0
3363,6,2
3364,4,4
3365,5,5
3366,4,4
3367,4,4
3368,5,5
3369,4,0
3370,6,6
3371,4,4
3372,5,0
3373,6,6
3374,6,6
3375,4,0
3376,4,1
3377,6,5
3378,6,6
3379,6,0
3380,6,4
3381,6,4
3382,4,0
3383,5,5
3384,6,2
3385,4,4
3386,6,6
3387,4,0
3388,6,0
3389,4,3
3390,6,1
3391,6,2
3392,6,2
3393,6,6
3394,4,1
3395,4,4
3396,4,2
3397,6,6
3398,5,4
3399,4,4
3400,4,2
3401,6,1
3402,6,4
3403,6,6
3404,6,6
3405,4,4
3406,4,3
3407,6,3
3408,6,4
3409,5,4
3410,6,0
3411,5,2
3412,6,6
3413,5,3
3414,4,1
3415,6,6
3416,5,0
3417,5,5
3418,6,6
3419,6,6
3420,5,5
3421,6,6
3422,4,3
3423,6,1
3424,5,1
3425,5,3
3426,5,2
3427,6,5
3428,6,4
3429,5,4
3430,4,4
3431,5,3
3432,6,0
3433,6,3
3434,4,4
3435,6,4
3436,4,4
3437,5,5
3438,6,4
3439,6,6
3440,5,3
3441,4,0
3442,5,5
3443,4,2
3444,4,2
3445,6,6
3446,4,2
3447,5,3
3448,4,2
3449,6,5
3450,6,6
3451,4,3
3452,6,5
3453,4,4
3454,6,4
3455,6,4
3456,6,3
3457,4,1
3458,5,5
3459,6,2
3460,5,4
3461,4,4
3462,6,6
3463,5,4
3464,6,1
3465,4,3
3466,6,6
3467,5,4
3468,6,6
3469,6,2
3470,5,1
3471,4,4
3472,4,4
3473,6,3
3474,6,6
3475,5,0
3476,4,3
3477,6,4
3478,5,5
3479,6,6
3480,6,2
3481,4,4
3482,4,4
3483,6,3
3484,6,6
3485,4,2
3486,5,4
3487,6,5
3488,5,4
3489,6,6
3490,6,5
3491,6,6
3492,6,4
3493,6,3
3494,6,4
3495,6,4
3496,5,4
3497,4,2
3498,6,4
3499,6,2
3500,5,2
3501,6,5
3502,5,4
3503,5,3
3504,6,6
3505,6,6
3506,6,4
3507,4,4
3508,4,3
3509,4,2
3510,5,1
3511,6,5
3512,6,4
3513,6,3
3514,6,4
3515,6,5
3516,5,5
3517,6,2
3518,6,6
3519,6,3
3520,5,2
3521,6,6
3522,6,4
3523,4,4
3524,5,2
3525,6,6
3526,4,0
3527,6,2
3528,5,3
3529,4,4
3530,5,0
3531,5,3
3532,4,2
3533,4,1
3534,5,2
3535,4,0
3536,6,3
3537,4,3
3538,6,1
3539,4,0
3540,5,2
3541,5,5
3542,4,4
3543,6,6
3544,6,6
3545,6,4
3546,4,4
3547,4,4
3548,4,4
3549,4,2
3550,5,4
3551,6,4
3552,6,3
3553,6,6
3554,6,4
3555,5,3
3556,6,6
3557,6,1
3558,5,4
3559,6,2
3560,4,2
3561,6,4
3562,6,4
3563,6,2
3564,6,4
3565,6,5
3566,6,6
3567,6,4
3568,6,4
3569,4,2
3570,6,0
3571,4,2
3572,6,4
3573,5,5
3574,4,4
3575,6,5
3576,6,6
3577,5,5
3578,6,6
3579,4,4
3580,5,2
3581,6,3
3582,6,4
3583,4,2
3584,6,6
3585,5,5
3586,4,2
3587,6,2
3588,6,3
3589,4,4
3590,4,4
3591,6,6
3592,6,6
3593,6,6
3594,4,4
3595,6,4
3596,6,6
3597,4,0
3598,6,5
3599,6,1
3600,4,2
3601,4,4
3602,5,4
3603,5,5
3604,5,0
3605,5,4
3606,5,3
3607,5,5
3608,6,3
3609,5,5
3610,4,3
3611,6,5
3612,4,0
3613,5,2
3614,6,6
3615,4,4
3616,5,5
3617,6,5
3618,5,1
3619,6,6
3620,6,4
3621,5,5
3622,6,3
3623,6,6
3624,6,2
3625,4,1
3626,4,4
3627,6,6
3628,5,4
3629,6,4
3630,6,6
3631,6,6
3632,5,5
3633,6,3
3634,6,3
3635,6,6
3636,4,4
3637,4,4
3638,6,4
3639,4,0
3640,5,5
3641,5,3
3642,5,3
3643,6,5
3644,5,4
3645,6,6
3646,4,4
3647,5,3
3648,4,4
3649,6,3
3650,6,4
3651,6,4
3652,4,0
3653,6,6
3654,6,6
3655,5,4
3656,6,4
3657,4,3
3658,4,0
3659,6,4
3660,6,2
3661,6,2
3662,6,2
3663,6,3
3664,6,6
3665,6,5
3666,4,0
3667,4,0
3668,6,6
3669,6,6
3670,6,6
3671,5,1
3672,5,4
3673,6,2
3674,6,2
3675,5,4
3676,4,2
3677,4,0
3678,6,6
3679,4,2
3680,6,6
3681,5,3
3682,6,4
3683,5,4
3684,6,6
3685,5,5
3686,5,5
3687,6,2
3688,5,5
3689,4,4
3690,4,1
3691,6,6
3692,6,0
3693,6,5
3694,5,2
3695,6,5
3696,4,2
3697,6,4
3698,6,5
3699,6,4
3700,6,5
3701,5,4
3702,6,6
3703,6,5
3704,4,4
3705,6,1
3706,6,0
3707,6,5
3708,6,4
3709,6,6
3710,6,6
3711,4,0
3712,4,0
3713,6,6
3714,6,3
3715,4,2
3716,6,2
3717,4,4
3718,6,2
3719,6,3
3720,6,5
3721,4,1
3722,6,5
3723,4,2
3724,6,1
3725,5,3
3726,6,6
3727,6,6
3728,6,2
3729,4,0
3730,6,2
3731,6,4
3732,6,6
3733,4,2
3734,4,4
3735,6,6
3736,4,4
3737,5,3
3738,4,4
3739,4,0
3740,6,3
3741,6,6
3742,6,6
3743,5,2
3744,5,2
3745,4,4
3746,4,4
3747,6,6
3748,6,6
3749,5,0
3750,4,0
3751,4,2
3752,5,5
3753,6,6
3754,6,1
3755,6,4
3756,6,6
3757,6,6
3758,5,0
3759,5,3
3760,5,5
3761,6,3
3762,6,5
3763,5,4
3764,6,2
3765,4,1
3766,4,4
3767,4,2
3768,5,3
3769,6,5
3770,6,2
3771,6,4
3772,6,4
3773,4,1
3774,5,3
3775,6,5
3776,6,1
3777,6,4
3778,4,4
3779,6,2
3780,5,3
3781,6,2
3782,5,3
3783,4,2
3784,6,5
3785,4,2
3786,4,2
3787,6,6
3788,5,2
3789,6,4
3790,4,0
3791,6,6
3792,4,4
3793,4,4
3794,4,4
3795,4,4
3796,4,3
3797,6,1
3798,4,4
3799,6,6
3800,6,3
3801,4,2
3802,6,3
3803,6,6
3804,6,6
3805,4,1
3806,4,4
3807,6,4
3808,6,0
3809,6,6
3810,5,4
3811,4,2
3812,4,4
3813,4,4
3814,6,3
3815,6,4
3816,5,2
3817,5,2
3818,6,4
3819,4,0
3820,6,6
3821,6,6
3822,6,4
3823,6,6
3824,4,2
3825,6,4
3826,6,5
3827,6,5
3828,6,3
3829,6,1
3830,4,1
3831,5,2
3832,4,4
3833,4,1
3834,6,5
3835,4,4
3836,4,3
3837,4,4
3838,5,5
3839,6,4
3840,6,3
3841,4,2
3842,4,2
3843,6,4
3844,4,2
3845,4,4
3846,6,2
3847,6,0
3848,6,6
3849,4,2
3850,5,0
3851,6,4
3852,4,4
3853,6,3
3854,5,2
3855,5,5
3856,6,2
3857,4,0
3858,4,0
3859,4,3
3860,5,5
3861,5,4
3862,5,5
3863,5,4
3864,5,5
3865,6,0
3866,6,6
3867,6,3
3868,6,3
3869,6,3
3870,6,5
3871,6,4
3872,6,4
3873,5,3
3874,6,2
3875,6,2
3876,5,5
3877,4,4
3878,5,5
3879,6,2
3880,5,5
3881,6,0
3882,5,0
3883,6,6
3884,6,4
3885,5,3
3886,5,5
3887,6,5
3888,6,5
3889,4,2
3890,5,4
3891,5,2
3892,4,3
3893,6,4
3894,6,6
3895,6,5
3896,5,5
3897,6,0
3898,6,5
3899,6,2
3900,6,5
3901,6,2
3902,6,0
3903,5,5
3904,6,0
3905,6,2
3906,5,0
3907,6,4
3908,5,2
3909,5,3
3910,4,4
3911,4,0
3912,4,0
3913,4,4
3914,6,2
3915,6,4
3916,6,5
3917,6,4
3918,4,2
3919,6,2
3920,5,2
3921,4,4
3922,4,0
3923,6,6
3924,4,4
3925,6,2
3926,6,1
3927,4,3
3928,5,5
3929,5,5
3930,6,3
3931,6,5
3932,6,4
3933,6,0
3934,4,4
3935,5,0
3936,4,2
3937,5,1
3938,4,4
3939,4,2
3940,4,2
3941,5,1
3942,6,3
3943,6,4
3944,4,0
3945,6,4
3946,5,0
3947,4,4
3948,5,3
3949,6,3
3950,6,0
3951,5,0
3952,6,6
3953,6,3
3954,6,5
3955,6,5
3956,6,2
3957,4,3
3958,6,6
3959,4,4
3960,4,4
3961,5,5
3962,6,6
3963,6,6
3964,4,2
3965,4,0
3966,6,0
3967,4,1
3968,4,4
3969,5,5
3970,6,6
3971,6,4
3972,6,4
3973,4,1
3974,4,0
3975,6,5
3976,6,3
3977,4,0
3978,6,3
3979,6,6
3980,4,0
3981,5,4
3982,6,4
3983,6,2
3984,5,3
3985,5,4
3986,6,4
3987,4,4
3988,6,4
3989,4,0
3990,5,4
3991,5,3
3992,6,2
3993,6,5
3994,6,6
3995,6,5
3996,6,3
3997,5,3
3998,6,6
3999,5,1
4000,4,4
4001,6,5
4002,6,6
4003,4,2
4004,6,3
4005,4,4
4006,6,3
4007,6,5
4008,5,5
4009,4,2
4010,6,2
4011,5,2
4012,6,2
4013,6,6
4014,6,2
4015,4,4
4016,6,5
4017,5,2
4018,6,6
4019,5,1
4020,4,3
4021,6,6
4022,4,4
4023,5,3
4024,6,6
4025,6,3
4026,4,4
4027,6,4
4028,6,4
4029,4,4
4030,5,5
4031,6,5
4032,4,2
4033,6,6
4034,5,2
4035,4,4
4036,5,4
4037,6,6
4038,6,0
4039,6,5
4040,4,2
4041,6,6
4042,6,2
4043,6,4
4044,5,5
4045,4,0
4046,5,3
4047,5,4
4048,5,3
4049,5,5
4050,5,5
4051,5,5
4052,5,5
4053,5,5
4054,6,6
4055,4,4
4056,6,5
4057,4,0
4058,4,3
4059,4,4
4060,6,1
4061,5,2
4062,4,1
4063,6,4
4064,6,1
4065,6,6
4066,6,0
4067,6,2
4068,6,0
4069,4,4
4070,6,4
4071,4,3
4072,6,6
4073,4,2
4074,4,4
4075,5,4
4076,6,4
4077,6,4
4078,6,4
4079,4,3
4080,6,1
4081,5,5
4082,6,5
4083,6,4
4084,4,2
4085,5,5
4086,6,5
4087,6,1
4088,4,2
4089,5,3
4090,6,6
4091,6,4
4092,4,4
4093,5,3
4094,4,2
4095,6,6
4096,4,3
4097,5,0
4098,4,2
4099,4,1
4100,6,0
4101,5,3
4102,6,1
4103,5,2
4104,5,4
4105,4,4
4106,6,2
4107,6,4
4108,6,2
4109,5,5
4110,6,4
4111,4,3
4112,6,5
4113,5,5
4114,6,6
4115,4,2
4116,4,2
4117,4,4
4118,6,6
4119,6,6
4120,4,4
4121,6,6
4122,6,4
4123,5,3
4124,4,4
4125,4,0
4126,6,3
4127,4,2
4128,6,5
4129,6,4
4130,4,2
4131,6,6
4132,5,3
4133,5,4
4134,6,0
4135,6,2
4136,6,2
4137,5,5
4138,6,6
4139,5,0
4140,6,5
4141,5,2
4142,5,3
4143,6,5
4144,5,3
4145,4,2
4146,6,6
4147,6,6
4148,6,4
4149,6,6
4150,6,2
4151,4,3
4152,6,3
4153,4,2
4154,6,6
4155,5,5
4156,4,4
4157,4,2
4158,4,4
4159,6,5
4160,5,5
4161,6,4
4162,4,2
4163,6,3
4164,5,4
4165,4,4
4166,6,6
4167,5,1
4168,5,3
4169,6,4
4170,6,5
4171,5,2
4172,5,4
4173,6,6
4174,5,1
4175,4,4
4176,6,2
4177,6,6
4178,4,4
4179,6,6
4180,4,3
4181,4,3
4182,5,1
4183,6,5
4184,5,3
4185,4,1
4186,6,5
4187,5,3
4188,6,0
4189,6,4
4190,6,3
4191,5,3
4192,6,2
4193,5,5
4194,5,0
4195,5,3
4196,4,4
4197,5,3
4198,5,3
4199,6,3
4200,4,3
4201,6,6
4202,4,4
4203,6,6
4204,6,1
4205,5,3
4206,4,4
4207,4,2
4208,6,0
4209,6,6
4210,6,3
4211,6,3
4212,6,4
4213,4,0
4214,6,4
4215,6,4
4216,6,3
4217,4,4
4218,4,4
4219,6,3
4220,6,4
4221,5,5
4222,6,5
4223,4,0
4224,4,0
4225,6,3
4226,6,3
4227,6,5
4228,6,4
4229,5,3
4230,6,0
4231,6,6
4232,6,6
4233,4,2
4234,6,4
4235,4,4
4236,6,6
4237,4,4
4238,5,1
4239,4,0
4240,4,2
4241,5,1
4242,6,5
4243,4,4
4244,6,4
4245,6,6
4246,4,3
4247,6,3
4248,5,2
4249,6,5
4250,4,2
4251,6,6
4252,6,2
4253,6,6
4254,4,4
4255,6,6
4256,4,3
4257,6,3
4258,4,0
4259,6,6
4260,6,6
4261,5,0
4262,5,1
4263,4,3
4264,4,1
4265,4,2
4266,6,6
4267,5,1
4268,5,5
4269,4,1
4270,4,4
4271,6,4
4272,4,0
4273,4,0
4274,4,1
4275,5,4
4276,6,5
4277,6,4
4278,6,6
4279,6,4
4280,6,5
4281,6,3
4282,4,2
4283,6,3
4284,6,4
4285,6,6
4286,4,4
4287,4,4
4288,6,2
4289,4,4
4290,4,1
4291,6,4
4292,6,2
4293,6,3
4294,6,3
4295,5,1
4296,6,5
4297,6,2
4298,6,1
4299,6,5
4300,4,4
4301,6,1
4302,6,0
4303,6,6
4304,5,5
4305,4,2
4306,6,1
4307,4,2
4308,6,4
4309,4,4
4310,6,6
4311,4,4
4312,4,4
4313,6,5
4314,6,5
4315,6,4
4316,5,5
4317,6,1
4318,5,3
4319,4,3
4320,5,3
4321,6,5
4322,6,2
4323,4,0
4324,6,3
4325,4,2
4326,6,2
4327,4,2
4328,6,5
4329,5,5
4330,6,2
4331,4,3
4332,5,2
4333,6,2
4334,6,2
4335,4,0
4336,6,3
4337,6,0
4338,6,5
4339,4,4
4340,4,4
4341,6,4
4342,6,6
4343,5,3
4344,4,4
4345,5,4
4346,6,5
4347,5,2
4348,5,3
4349,6,3
4350,6,2
4351,6,4
4352,6,5
4353,6,4
4354,6,4
4355,6,6
4356,5,4
4357,4,1
4358,6,6
4359,4,4
4360,6,3
4361,6,4
4362,6,4
4363,4,0
4364,5,3
4365,4,1
4366,6,6
4367,4,3
4368,6,4
4369,4,0
4370,6,2
4371,4,2
4372,4,0
4373,5,3
4374,4,3
4375,4,2
4376,6,6
4377,5,1
4378,5,2
4379,6,6
4380,4,2
4381,6,3
4382,5,5
4383,5,5
4384,5,5
4385,6,2
4386,4,0
4387,4,3
4388,6,4
4389,5,0
4390,4,3
4391,4,4
4392,4,4
4393,6,6
4394,4,4
4395,5,5
4396,5,3
4397,6,3
4398,6,3
4399,4,4
4400,6,4
4401,4,4
4402,4,2
4403,4,4
4404,6,5
4405,5,4
4406,4,2
4407,6,5
4408,4,4
4409,5,5
4410,6,1
4411,6,2
4412,6,0
4413,6,6
4414,4,2
4415,6,4
4416,4,4
4417,5,5
4418,6,4
4419,6,4
4420,6,5
4421,5,5
4422,6,6
4423,4,2
4424,4,1
4425,6,3
4426,6,4
4427,5,1
4428,4,2
4429,4,2
4430,6,4
4431,6,4
4432,4,2
4433,5,5
4434,6,6
4435,6,0
4436,5,3
4437,4,1
4438,5,5
4439,6,6
4440,6,6
4441,6,5
4442,5,5
4443,5,5
4444,4,4
4445,6,6
4446,6,1
4447,6,5
4448,4,0
4449,6,4
4450,4,4
4451,6,5
4452,5,5
4453,6,0
4454,4,0
4455,4,4
4456,6,5
4457,5,5
4458,4,4
4459,6,3
4460,5,5
4461,6,4
4462,6,3
4463,6,1
4464,4,4
4465,4,0
4466,4,2
4467,5,4
4468,4,2
4469,6,6
4470,5,2
4471,4,4
4472,6,6
4473,6,3
4474,6,4
4475,5,5
4476,5,4
4477,6,4
4478,6,5
4479,5,2
4480,5,0
4481,6,4
4482,4,2
4483,4,4
4484,5,5
4485,4,2
4486,6,5
4487,5,3
4488,4,4
4489,6,2
4490,4,2
4491,5,5
4492,4,4
4493,4,4
4494,4,2
4495,6,0
4496,4,2
4497,4,4
4498,6,1
4499,4,4
4500,4,4
4501,4,2
4502,6,6
4503,6,5
4504,6,2
4505,4,4
4506,4,1
4507,4,4
4508,6,4
4509,4,2
4510,6,2
4511,6,4
4512,6,0
4513,6,6
4514,4,4
4515,6,2
4516,6,2
4517,6,0
4518,6,6
4519,4,4
4520,6,6
4521,6,3
4522,5,2
4523,6,3
4524,4,4
4525,4,4
4526,6,3
4527,6,4
4528,5,2
4529,6,0
4530,6,6
4531,5,5
4532,6,1
4533,5,4
4534,6,0
4535,4,4
4536,4,2
4537,5,1
4538,6,6
4539,5,0
4540,4,4
4541,4,1
4542,6,6
4543,6,5
4544,6,6
4545,6,6
4546,5,3
4547,4,0
4548,4,2
4549,6,0
4550,6,6
4551,5,5
4552,5,5
4553,6,5
4554,5,5
4555,4,4
4556,6,3
4557,6,4
4558,6,0
4559,5,1
4560,6,4
4561,6,2
4562,6,6
4563,5,2
4564,6,5
4565,5,1
4566,6,5
4567,6,1
4568,6,6
4569,6,5
4570,5,4
4571,5,0
4572,4,4
4573,4,4
4574,6,2
4575,4,4
4576,6,1
4577,6,6
4578,6,3
4579,4,4
4580,4,2
4581,4,2
4582,4,1
4583,5,5
4584,5,3
4585,6,1
4586,6,6
4587,5,0
4588,4,4
4589,6,0
4590,6,6
4591,6,3
4592,6,3
4593,6,3
4594,5,5
4595,4,3
4596,5,3
4597,4,4
4598,6,6
4599,4,1
4600,4,4
4601,6,2
4602,6,6
4603,5,5
4604,4,1
4605,6,3
4606,6,5
4607,5,5
4608,6,3
4609,6,1
4610,6,6
4611,6,5
4612,6,2
4613,5,0
4614,4,3
4615,6,5
4616,4,3
4617,4,4
4618,4,3
4619,6,5
4620,6,5
4621,6,2
4622,6,6
4623,6,6
4624,5,3
4625,4,0
4626,4,4
4627,4,4
4628,5,4
4629,4,2
4630,6,5
4631,5,2
4632,5,3
4633,5,5
4634,4,2
4635,4,2
4636,4,2
4637,6,1
4638,5,2
4639,5,5
4640,5,0
4641,4,1
4642,5,5
4643,5,1
4644,6,2
4645,6,1
4646,4,0
4647,6,5
4648,6,5
4649,4,4
4650,4,4
4651,4,1
4652,4,4
4653,6,6
4654,6,4
4655,4,2
4656,4,4
4657,4,4
4658,6,4
4659,6,4
4660,5,1
4661,5,4
4662,5,0
4663,4,1
4664,4,4
4665,5,5
4666,6,6
4667,6,6
4668,6,3
4669,4,4
4670,4,0
4671,4,0
4672,4,2
4673,5,1
4674,6,6
4675,5,2
4676,6,4
4677,6,4
4678,4,0
4679,4,2
4680,4,4
4681,6,2
4682,4,4
4683,6,4
4684,6,6
4685,6,4
4686,5,5
4687,6,5
4688,6,6
4689,5,1
4690,6,2
4691,4,4
4692,6,0
4693,6,5
4694,6,3
4695,5,5
4696,4,2
4697,5,5
4698,6,6
4699,6,3
4700,5,3
4701,6,5
4702,4,4
4703,6,6
4704,5,4
4705,4,4
4706,5,2
4707,4,3
4708,6,6
4709,6,5
4710,5,1
4711,6,4
4712,6,6
4713,6,1
4714,6,5
4715,6,3
4716,6,2
4717,5,3
4718,6,5
4719,4,4
4720,5,5
4721,6,3
4722,5,3
4723,5,5
4724,4,0
4725,6,4
4726,4,0
4727,4,4
4728,6,3
4729,6,0
4730,4,4
4731,6,3
4732,6,3
4733,6,4
4734,6,5
4735,5,3
4736,5,3
4737,6,4
4738,6,0
4739,6,3
4740,4,2
4741,6,4
4742,6,6
4743,5,5
4744,5,1
4745,6,4
4746,6,0
4747,4,2
4748,4,3
4749,6,5
4750,6,4
4751,6,5
4752,5,1
4753,6,5
4754,6,3
4755,5,5
4756,4,2
4757,4,4
4758,6,4
4759,6,6
4760,6,6
4761,6,6
4762,5,5
4763,6,6
4764,6,3
4765,5,3
4766,4,2
4767,5,5
4768,5,2
4769,6,6
4770,4,3
4771,5,5
4772,6,4
4773,5,5
4774,6,0
4775,6,1
4776,5,5
4777,6,4
4778,4,4
4779,6,5
4780,6,6
4781,4,4
4782,5,3
4783,4,3
4784,6,6
4785,6,3
4786,6,5
4787,5,0
4788,4,1
4789,6,6
4790,6,5
4791,6,6
4792,5,4
4793,4,3
4794,4,4
4795,5,4
4796,4,0
4797,6,2
4798,6,1
4799,6,6
4800,6,5
4801,6,6
4802,6,5
4803,4,3
4804,6,6
4805,6,5
4806,6,4
4807,5,5
4808,5,5
4809,6,2
4810,4,2
4811,5,3
4812,4,2
4813,4,2
4814,6,6
4815,4,4
4816,5,3
4817,6,2
4818,6,0
4819,6,6
4820,6,4
4821,5,1
4822,4,4
4823,5,4
4824,6,3
4825,4,3
4826,5,0
4827,6,3
4828,4,1
4829,6,5
4830,6,6
4831,6,3
4832,6,5
4833,6,4
4834,6,6
4835,4,2
4836,5,1
4837,4,2
4838,6,6
4839,4,4
4840,5,5
4841,6,6
4842,6,3
4843,6,3
4844,6,6
4845,4,2
4846,6,3
4847,6,5
4848,6,3
4849,4,1
4850,6,6
4851,4,3
4852,5,5
4853,6,2
4854,6,6
4855,5,4
4856,6,2
4857,5,5
4858,6,1
4859,5,3
4860,6,1
4861,6,0
4862,6,4
4863,6,5
4864,6,6
4865,6,6
4866,6,2
4867,6,5
4868,5,3
4869,6,0
4870,4,4
4871,6,3
4872,6,4
4873,4,4
4874,6,4
4875,6,6
4876,6,4
4877,5,3
4878,4,2
4879,5,2
4880,4,3
4881,6,6
4882,6,5
4883,4,4
4884,6,6
4885,6,4
4886,6,6
4887,6,4
4888,4,4
4889,4,4
4890,4,4
4891,6,3
4892,6,6
4893,6,2
4894,4,4
4895,5,5
4896,4,4
4897,4,1
4898,4,0
4899,6,6
4900,6,6
4901,6,6
4902,6,5
4903,6,6
4904,5,3
4905,6,6
4906,6,2
4907,4,4
4908,6,6
4909,4,4
4910,4,4
4911,6,3
4912,6,5
4913,6,3
4914,4,2
4915,4,3
4916,6,6
4917,5,5
4918,6,5
4919,4,3
4920,6,4
4921,5,5
4922,6,0
4923,6,3
4924,6,3
4925,5,3
4926,4,2
4927,5,4
4928,6,4
4929,4,4
4930,5,4
4931,6,6
4932,4,2
4933,6,6
4934,5,2
4935,5,2
4936,6,6
4937,6,4
4938,6,6
4939,6,3
4940,6,6
4941,4,2
4942,6,6
4943,6,3
4944,4,0
4945,5,5
4946,4,4
4947,6,2
4948,4,4
4949,4,4
4950,5,4
4951,6,0
4952,6,5
4953,5,5
4954,6,6
4955,4,2
4956,4,4
4957,6,6
4958,6,5
4959,6,4
4960,4,2
4961,4,0
4962,5,3
4963,4,4
4964,6,4
4965,4,0
4966,6,2
4967,4,3
4968,6,2
4969,5,2
4970,6,4
4971,6,4
4972,4,0
4973,6,6
4974,4,1
4975,6,4
4976,4,4
4977,5,1
4978,6,6
4979,5,3
4980,4,4
4981,6,6
4982,6,3
4983,6,5
4984,6,3
4985,5,3
4986,6,2
4987,6,3
4988,4,2
4989,5,3
4990,4,0
4991,5,5
4992,5,3
4993,4,4
4994,6,5
4995,4,4
4996,5,5
4997,5,4
4998,6,4
4999,4,4
5000,4,2
5001,6,5
5002,6,4
5003,4,4
5004,5,1
5005,6,6
5006,4,2
5007,6,3
5008,6,0
5009,4,2
5010,5,5
5011,6,6
5012,6,3
5013,6,4
5014,4,4
5015,6,5
5016,5,5
5017,6,2
5018,6,5
5019,4,2
5020,4,2
5021,4,4
5022,6,4
5023,6,4
5024,5,2
5025,6,3
5026,6,3
5027,6,3
5028,4,2
5029,6,5
5030,6,2
5031,6,2
5032,4,4
5033,6,6
5034,4,3
5035,5,5
5036,6,2
5037,5,4
5038,4,2
5039,6,3
5040,6,5
5041,6,6
5042,6,4
5043,4,4
5044,6,3
5045,4,4
5046,4,1
5047,6,5
5048,5,5
5049,5,4
5050,6,4
5051,4,1
5052,4,4
5053,6,3
5054,4,4
5055,5,1
5056,6,0
5057,6,6
5058,4,2
5059,6,2
5060,4,2
5061,4,3
5062,5,3
5063,5,2
5064,6,2
5065,4,0
5066,6,3
5067,6,5
5068,4,2
5069,6,6
5070,5,3
5071,5,5
5072,6,2
5073,5,3
5074,6,6
5075,4,4
5076,6,2
5077,6,6
5078,6,2
5079,4,3
5080,5,3
5081,4,4
5082,4,4
5083,6,5
5084,6,0
5085,6,6
5086,4,2
5087,4,4
5088,6,2
5089,6,0
5090,6,3
5091,5,2
5092,6,4
5093,6,4
5094,4,4
5095,6,2
5096,6,4
5097,6,3
5098,6,6
5099,6,5
5100,4,4
5101,5,5
5102,6,6
5103,6,6
5104,6,6
5105,5,4
5106,6,0
5107,4,4
5108,6,5
5109,6,2
5110,4,2
5111,4,4
5112,4,0
5113,4,2
5114,5,5
5115,6,6
5116,4,2
5117,5,5
5118,6,3
5119,6,6
5120,4,0
5121,5,1
5122,5,5
5123,4,4
5124,6,4
5125,6,3
5126,6,6
5127,6,6
5128,5,4
5129,4,4
5130,4,0
5131,5,2
5132,4,4
5133,5,5
5134,4,0
5135,4,2
5136,6,2
5137,6,1
5138,6,2
5139,4,2
5140,6,6
5141,5,2
5142,5,2
5143,4,1
5144,4,2
5145,6,2
5146,5,4
5147,4,4
5148,6,6
5149,6,4
5150,4,4
5151,6,6
5152,6,5
5153,5,4
5154,6,5
5155,6,2
5156,6,4
5157,6,6
5158,6,5
5159,5,3
5160,5,0
5161,5,5
5162,6,2
5163,4,3
5164,6,4
5165,4,2
5166,4,2
5167,5,5
5168,4,4
5169,6,4
5170,6,4
5171,6,6
5172,6,3
5173,4,4
5174,6,6
5175,5,4
5176,4,0
5177,5,1
5178,6,4
5179,4,4
5180,6,6
5181,6,6
5182,6,4
5183,6,3
5184,4,2
5185,5,4
5186,5,5
5187,4,4
5188,6,0
5189,6,6
5190,4,0
5191,4,4
5192,5,4
5193,5,5
5194,4,2
5195,4,4
5196,6,5
5197,6,4
5198,4,3
5199,6,4
5200,4,3
5201,4,4
5202,6,6
5203,6,5
5204,4,4
5205,4,1
5206,6,1
5207,6,6
5208,6,2
5209,6,5
5210,6,4
5211,4,2
5212,4,0
5213,6,6
5214,5,1
5215,4,4
5216,6,1
5217,6,3
5218,6,5
5219,4,4
5220,6,3
5221,6,2
5222,6,2
5223,4,4
5224,5,4
5225,4,2
5226,6,2
5227,4,1
5228,5,1
5229,4,4
5230,5,3
5231,6,6
5232,4,2
5233,4,1
5234,4,3
5235,6,4
5236,4,4
5237,6,0
5238,6,5
5239,6,3
5240,4,2
5241,4,2
5242,6,5
5243,4,4
5244,6,4
5245,4,4
5246,6,6
5247,4,4
5248,4,2
5249,6,4
5250,6,4
5251,6,5
5252,6,3
5253,4,4
5254,5,5
5255,4,0
5256,5,5
5257,5,1
5258,6,5
5259,6,4
5260,6,6
5261,4,2
5262,6,3
5263,6,5
5264,4,4
5265,6,2
5266,4,1
5267,5,5
5268,6,6
5269,4,2
5270,4,2
5271,6,5
5272,6,0
5273,6,4
5274,4,2
5275,6,4
5276,6,1
5277,5,4
5278,6,4
5279,5,3
5280,5,1
5281,6,3
5282,6,6
5283,6,5
5284,6,0
5285,5,3
5286,6,2
5287,6,4
5288,4,2
5289,4,4
5290,4,3
5291,5,1
5292,4,0
5293,4,4
5294,4,4
5295,4,2
5296,6,3
5297,6,3
5298,5,5
5299,6,1
5300,6,4
5301,6,6
5302,5,1
5303,5,4
5304,4,3
5305,6,6
5306,6,2
5307,5,1
5308,4,3
5309,5,5
5310,4,2
5311,6,0
5312,4,2
5313,6,4
5314,4,2
5315,6,1
5316,6,6
5317,6,6
5318,5,3
5319,6,4
5320,6,5
5321,4,3
5322,4,0
5323,6,4
5324,6,6
5325,4,4
5326,6,6
5327,4,3
5328,5,1
5329,5,3
5330,6,2
5331,4,4
5332,4,0
5333,5,5
5334,6,4
5335,6,6
5336,6,1
5337,4,3
5338,6,6
5339,6,6
5340,6,6
5341,5,5
5342,4,2
5343,4,2
5344,6,6
5345,6,2
5346,4,3
5347,6,3
5348,6,4
5349,6,6
5350,4,3
5351,6,2
5352,6,4
5353,5,3
5354,5,2
5355,5,4
5356,4,2
5357,6,2
5358,6,4
5359,4,4
5360,6,3
5361,5,4
5362,5,4
5363,5,1
5364,6,6
5365,5,5
5366,6,6
5367,6,3
5368,6,5
5369,6,6
5370,6,3
5371,6,4
5372,5,5
5373,4,4
5374,4,3
5375,5,4
5376,6,6
5377,5,4
5378,6,6
5379,6,5
5380,6,2
5381,6,4
5382,4,2
5383,6,6
5384,4,2
5385,4,2
5386,4,0
5387,4,2
5388,6,1
5389,4,4
5390,6,3
5391,4,1
5392,6,6
5393,6,6
5394,5,0
5395,6,4
5396,6,6
5397,6,3
5398,6,4
5399,6,2
5400,4,4
5401,6,6
5402,6,0
5403,4,4
5404,6,2
5405,6,6
5406,4,4
5407,6,6
5408,5,5
5409,6,6
5410,4,2
5411,5,2
5412,5,1
5413,6,5
5414,4,0
5415,6,1
5416,4,0
5417,4,4
5418,4,2
5419,5,5
5420,5,5
5421,5,1
5422,6,4
5423,6,5
5424,6,4
5425,5,2
5426,6,0
5427,4,2
5428,6,4
5429,6,1
5430,5,3
5431,5,4
5432,6,5
5433,6,6
5434,4,0
5435,4,4
5436,6,4
5437,4,4
5438,5,2
5439,6,6
5440,4,2
5441,6,6
5442,5,1
5443,6,5
5444,5,4
5445,4,4
5446,6,1
5447,4,2
5448,6,5
5449,6,6
5450,5,5
5451,6,2
5452,5,5
5453,4,2
5454,5,2
5455,6,6
5456,5,4
5457,6,0
5458,6,4
5459,6,2
5460,4,4
5461,6,4
5462,6,6
5463,6,6
5464,6,4
5465,4,4
5466,5,4
5467,6,0
5468,6,4
5469,4,4
5470,4,2
5471,6,5
5472,6,2
5473,6,0
5474,6,6
5475,4,4
5476,6,5
5477,6,6
5478,6,4
5479,4,3
5480,4,4
5481,4,4
5482,6,6
5483,6,4
5484,4,4
5485,4,4
5486,6,2
5487,6,0
5488,4,3
5489,4,0
5490,6,0
5491,4,0
5492,6,2
5493,4,4
5494,4,4
5495,6,6
5496,5,3
5497,4,2
5498,4,0
5499,6,3
5500,4,0
5501,6,6
5502,4,2
5503,4,2
5504,6,2
5505,4,4
5506,6,4
5507,4,4
5508,6,3
5509,6,4
5510,6,4
5511,6,5
5512,5,2
5513,4,1
5514,6,0
5515,6,6
5516,4,1
5517,6,0
5518,5,1
5519,4,3
5520,6,6
5521,5,2
5522,4,2
5523,6,6
5524,6,0
5525,4,0
5526,6,2
5527,4,4
5528,6,6
5529,6,2
5530,6,2
5531,6,3
5532,6,5
5533,6,6
5534,4,4
5535,4,2
5536,5,5
5537,6,6
5538,4,4
5539,4,1
5540,6,4
5541,4,4
5542,5,5
5543,6,4
5544,6,3
5545,5,3
5546,4,2
5547,6,3
5548,6,3
5549,4,2
5550,4,2
5551,4,4
5552,5,5
5553,4,4
5554,4,4
5555,5,3
5556,6,2
5557,6,6
5558,6,2
5559,6,4
5560,5,3
5561,6,2
5562,6,4
5563,6,6
5564,6,4
5565,6,2
5566,6,6
5567,6,4
5568,6,6
5569,4,4
5570,5,1
5571,5,5
5572,6,2
5573,6,6
5574,4,0
5575,4,4
5576,5,1
5577,4,4
5578,6,4
5579,6,3
5580,6,2
5581,5,1
5582,6,6
5583,4,1
5584,4,4
5585,6,0
5586,6,5
5587,6,6
5588,6,5
5589,6,6
5590,5,4
5591,4,1
5592,4,1
5593,6,3
5594,5,3
5595,6,6
5596,6,2
5597,4,4
5598,6,3
5599,4,2
5600,4,4
5601,4,2
5602,4,1
5603,4,4
5604,6,1
5605,6,4
5606,5,5
5607,6,4
5608,6,0
5609,4,2
5610,6,6
5611,4,3
5612,6,4
5613,6,2
5614,4,0
5615,4,1
5616,5,5
5617,5,3
5618,6,5
5619,6,2
5620,6,4
5621,5,5
5622,6,1
5623,6,2
5624,6,6
5625,4,2
5626,6,2
5627,6,3
5628,4,4
5629,4,4
5630,4,2
5631,6,0
5632,5,5
5633,5,4
5634,6,6
5635,6,5
5636,4,1
5637,4,1
5638,6,6
5639,6,4
5640,6,5
5641,4,4
5642,6,5
5643,6,5
5644,4,0
5645,6,0
5646,6,5
5647,6,5
5648,6,4
5649,5,1
5650,6,6
5651,4,3
5652,6,6
5653,5,1
5654,6,6
5655,4,4
5656,6,6
5657,6,0
5658,6,6
5659,6,6
5660,5,2
5661,5,1
5662,5,3
5663,4,2
5664,4,4
5665,5,3
5666,6,6
5667,4,4
5668,4,4
5669,4,3
5670,6,6
5671,4,2
5672,4,4
5673,5,5
5674,4,4
5675,4,2
5676,5,2
5677,6,6
5678,6,6
5679,4,3
5680,4,2
5681,6,1
5682,4,4
5683,4,2
5684,5,5
5685,6,6
5686,6,0
5687,4,4
5688,6,2
5689,6,5
5690,6,3
5691,6,0
5692,6,3
5693,4,4
5694,4,3
5695,6,6
5696,6,4
5697,6,4
5698,6,4
5699,5,3
5700,4,2
5701,6,4
5702,4,2
5703,4,2
5704,6,5
5705,6,6
5706,4,0
5707,4,4
5708,4,2
5709,6,4
5710,6,4
5711,4,2
5712,6,6
5713,5,5
5714,6,6
5715,6,4
5716,6,1
5717,6,1
5718,4,4
5719,6,0
5720,6,6
5721,6,4
5722,4,2
5723,6,5
5724,6,5
5725,6,6
5726,5,5
5727,6,6
5728,6,3
5729,6,4
5730,5,5
5731,4,0
5732,6,3
5733,6,4
5734,5,5
5735,4,4
5736,4,4
5737,6,0
5738,4,4
5739,6,6
5740,5,1
5741,6,2
5742,4,4
5743,6,6
5744,5,5
5745,6,4
5746,6,6
5747,5,5
5748,6,3
5749,6,6
5750,5,5
5751,6,2
5752,5,2
5753,6,6
5754,4,0
5755,5,5
5756,6,6
5757,4,2
5758,6,0
5759,5,5
5760,4,4
5761,4,1
5762,4,1
5763,6,3
5764,5,1
5765,4,3
5766,6,2
5767,6,4
5768,6,0
5769,6,1
5770,5,3
5771,6,4
5772,6,5
5773,6,6
5774,4,2
5775,6,3
5776,5,5
5777,4,2
5778,6,6
5779,6,6
5780,6,4
5781,6,5
5782,6,4
5783,6,6
5784,4,0
5785,5,0
5786,4,3
5787,6,1
5788,6,3
5789,4,2
5790,6,5
5791,6,4
5792,6,0
5793,6,1
5794,6,1
5795,5,2
5796,4,4
5797,6,4
5798,4,1
5799,5,5
5800,6,6
5801,4,2
5802,6,6
5803,4,0
5804,4,3
5805,6,6
5806,6,5
5807,4,2
5808,5,3
5809,5,4
5810,5,1
5811,6,4
5812,4,2
5813,6,3
5814,4,2
5815,6,4
5816,4,0
5817,6,6
5818,6,2
5819,6,4
5820,6,4
5821,6,6
5822,5,2
5823,6,5
5824,6,2
5825,4,1
5826,6,6
5827,5,1
5828,6,3
5829,4,1
5830,6,2
5831,6,6
5832,4,4
5833,6,6
5834,5,5
5835,6,2
5836,4,0
5837,5,2
5838,5,4
5839,4,0
5840,6,1
5841,5,5
5842,4,4
5843,4,1
5844,5,5
5845,6,5
5846,5,3
5847,6,4
5848,6,4
5849,6,2
5850,4,0
5851,6,4
5852,6,6
5853,6,3
5854,6,5
5855,5,1
5856,4,1
5857,6,6
5858,6,5
5859,6,6
5860,4,4
5861,6,2
5862,4,2
5863,6,0
5864,6,3
5865,6,6
5866,6,3
5867,5,1
5868,5,3
5869,6,6
5870,6,1
5871,4,2
5872,6,2
5873,4,3
5874,5,3
5875,4,2
5876,4,4
5877,4,4
5878,6,1
5879,6,6
5880,6,6
5881,4,0
5882,4,0
5883,5,0
5884,6,4
5885,6,4
5886,5,5
5887,6,6
5888,5,3
5889,6,5
5890,6,5
5891,4,3
5892,6,2
5893,6,6
5894,6,6
5895,6,1
5896,6,4
5897,4,2
5898,6,5
5899,4,1
5900,5,4
5901,6,4
5902,4,2
5903,6,5
5904,6,4
5905,6,5
5906,5,0
5907,6,4
5908,4,2
5909,6,2
5910,6,1
5911,6,6
5912,4,1
5913,4,4
5914,6,6
5915,4,4
5916,6,5
5917,5,2
5918,5,5
5919,6,4
5920,6,5
5921,5,5
5922,6,5
5923,6,6
5924,6,0
5925,4,4
5926,6,6
5927,4,4
5928,4,0
5929,5,3
5930,5,3
5931,6,2
5932,6,6
5933,5,5
5934,6,6
5935,4,1
5936,6,3
5937,6,5
5938,6,3
5939,6,6
5940,6,5
5941,5,5
5942,6,3
5943,5,5
5944,6,6
5945,5,3
5946,6,6
5947,4,4
5948,6,5
5949,5,3
5950,6,4
5951,6,0
5952,4,0
5953,5,2
5954,6,6
5955,6,4
5956,4,2
5957,5,4
5958,6,3
5959,4,2
5960,4,2
5961,6,6
5962,6,3
5963,4,0
5964,4,1
5965,4,2
5966,4,1
5967,6,6
5968,4,2
5969,5,4
5970,4,4
5971,6,5
5972,6,4
5973,6,1
5974,5,1
5975,4,0
5976,5,2
5977,6,2
5978,6,5
5979,5,5
5980,6,5
5981,4,4
5982,5,0
5983,5,3
5984,4,4
5985,6,4
5986,6,3
5987,6,2
5988,6,5
5989,5,2
5990,6,4
5991,6,6
5992,4,0
5993,4,0
5994,4,4
5995,6,5
5996,4,2
5997,6,6
5998,5,5
5999,5,3
6000,4,3
6001,5,3
6002,6,5
6003,6,4
6004,5,5
6005,6,2
6006,5,3
6007,6,3
6008,5,2
6009,5,5
6010,5,3
6011,6,6
6012,4,4
6013,6,3
6014,5,1
6015,5,2
6016,6,4
6017,6,3
6018,6,4
6019,6,5
6020,6,6
6021,6,1
6022,4,1
6023,6,0
6024,6,3
6025,5,2
6026,4,1
6027,6,2
6028,4,2
6029,4,2
6030,4,4
6031,5,5
6032,6,2
6033,6,6
6034,6,0
6035,6,0
6036,4,1
6037,5,3
6038,6,2
6039,6,6
6040,4,4
6041,6,2
6042,6,3
6043,6,2
6044,4,4
6045,5,0
6046,6,0
6047,6,4
6048,6,5
6049,6,2
6050,6,1
6051,6,6
6052,5,0
6053,6,5
6054,6,5
6055,4,4
6056,4,2
6057,4,2
6058,4,2
6059,6,6
6060,5,4
6061,5,4
6062,5,3
6063,4,2
6064,5,5
6065,4,2
6066,6,6
6067,6,6
6068,4,4
6069,6,6
6070,6,6
6071,5,4
6072,5,5
6073,5,5
6074,6,2
6075,6,5
6076,6,4
6077,6,6
6078,4,3
6079,6,0
6080,4,2
6081,4,0
6082,5,5
6083,5,4
6084,6,2
6085,4,4
6086,4,4
6087,6,6
6088,4,4
6089,6,1
6090,5,5
6091,4,3
6092,5,3
6093,6,6
6094,6,3
6095,6,5
6096,6,2
6097,6,3
6098,4,0
6099,6,5
6100,6,0
6101,5,5
6102,4,4
6103,4,3
6104,6,0
6105,6,6
6106,6,4
6107,4,4
6108,6,6
6109,6,1
6110,6,4
6111,6,3
6112,6,4
6113,4,3
6114,4,2
6115,6,0
6116,6,4
6117,6,6
6118,6,1
6119,4,4
6120,6,5
6121,5,2
6122,5,2
6123,6,4
6124,4,4
6125,5,4
6126,5,4
6127,6,4
6128,4,3
6129,4,2
6130,5,1
6131,6,2
6132,6,4
6133,4,2
6134,4,4
6135,6,3
6136,6,3
6137,4,3
6138,4,2
6139,4,3
6140,5,1
6141,4,4
6142,5,0
6143,6,6
6144,4,4
6145,4,4
6146,6,0
6147,6,3
6148,6,5
6149,4,4
6150,6,6
6151,5,2
6152,6,4
6153,6,2
6154,6,4
6155,5,3
6156,6,4
6157,5,4
6158,6,1
6159,5,5
6160,5,2
6161,6,6
6162,6,3
6163,4,4
6164,6,2
6165,6,5
6166,4,4
6167,4,4
6168,5,1
6169,6,2
6170,4,2
6171,6,6
6172,6,6
6173,5,5
6174,5,4
6175,5,5
6176,6,1
6177,4,2
6178,6,6
6179,5,2
6180,4,2
6181,5,4
6182,6,4
6183,6,5
6184,5,1
6185,4,0
6186,6,6
6187,6,2
6188,6,3
6189,4,1
6190,6,0
6191,4,4
6192,6,4
6193,4,0
6194,6,5
6195,4,4
6196,5,4
6197,6,6
6198,6,2
6199,4,4
6200,4,2
6201,4,2
6202,6,6
6203,5,4
6204,6,5
6205,6,0
6206,6,2
6207,6,6
6208,4,2
6209,5,5
6210,4,3
6211,6,6
6212,6,6
6213,5,1
6214,5,3
6215,4,4
6216,6,2
6217,6,4
6218,6,6
6219,6,5
6220,5,3
6221,6,6
6222,4,3
6223,5,4
6224,4,0
6225,6,2
6226,6,4
6227,6,6
6228,5,3
6229,6,6
6230,6,4
6231,4,4
6232,5,4
6233,6,6
6234,6,3
6235,5,4
6236,6,3
6237,4,1
6238,4,3
6239,6,1
6240,6,3
6241,4,4
6242,6,4
6243,6,4
6244,4,3
6245,6,6
6246,4,2
6247,5,4
6248,6,6
6249,6,6
6250,4,4
6251,5,3
6252,4,4
6253,6,5
6254,4,4
6255,6,6
6256,4,2
6257,6,6
6258,6,6
6259,5,3
6260,6,6
6261,6,6
6262,4,0
6263,4,2
6264,5,3
6265,6,0
6266,6,6
6267,4,4
6268,4,4
6269,4,1
6270,4,4
6271,6,4
6272,6,6
6273,6,4
6274,4,2
6275,5,0
6276,6,3
6277,5,4
6278,4,0
6279,4,2
6280,4,2
6281,6,4
6282,4,4
6283,5,1
6284,6,1
6285,6,5
6286,6,6
6287,5,4
6288,4,3
6289,6,6
6290,6,2
6291,4,4
6292,6,6
6293,4,4
6294,4,2
6295,6,4
6296,5,2
6297,5,5
6298,5,4
6299,4,4
6300,4,4
6301,6,6
6302,6,6
6303,5,2
6304,6,4
6305,4,0
6306,6,6
6307,6,4
6308,4,3
6309,4,4
6310,6,3
6311,6,4
6312,4,0
6313,6,3
6314,5,5
6315,4,4
6316,6,5
6317,6,4
6318,4,4
6319,4,4
6320,5,4
6321,6,1
6322,5,3
6323,6,5
6324,4,1
6325,4,2
6326,5,4
6327,5,5
6328,6,4
6329,5,1
6330,6,3
6331,4,4
6332,6,4
6333,6,5
6334,6,3
6335,5,3
6336,6,2
6337,6,4
6338,4,0
6339,6,5
6340,6,2
6341,6,6
6342,4,4
6343,5,5
6344,4,2
6345,5,2
6346,5,5
6347,4,2
6348,5,5
6349,5,2
6350,6,3
6351,6,0
6352,6,6
6353,4,0
6354,6,5
6355,4,0
6356,4,4
6357,6,6
6358,6,6
6359,6,3
6360,6,4
6361,6,6
6362,6,0
6363,5,4
6364,4,1
6365,6,4
6366,4,1
6367,6,6
6368,4,0
6369,6,2
6370,6,1
6371,6,3
6372,6,6
6373,4,3
6374,6,6
6375,5,4
6376,4,2
6377,6,6
6378,6,6
6379,4,4
6380,6,6
6381,6,5
6382,6,3
6383,6,4
6384,6,6
6385,5,2
6386,4,2
6387,4,0
6388,6,6
6389,6,0
6390,5,3
6391,6,6
6392,4,0
6393,5,2
6394,6,4
6395,4,4
6396,5,5
6397,4,4
6398,4,3
6399,6,3
6400,5,3
6401,6,3
6402,5,5
6403,4,4
6404,4,0
6405,6,1
6406,4,0
6407,6,6
6408,6,5
6409,5,3
6410,5,1
6411,6,5
6412,6,4
6413,6,6
6414,5,3
6415,4,2
6416,6,4
6417,6,4
6418,5,0
6419,6,0
6420,5,5
6421,4,4
6422,6,0
6423,5,5
6424,6,6
6425,4,3
6426,6,6
6427,6,2
6428,6,1
6429,4,4
6430,6,5
6431,4,0
6432,4,2
6433,6,4
6434,6,4
6435,6,1
6436,6,3
6437,4,4
6438,4,4
6439,5,3
6440,6,3
6441,5,5
6442,5,5
6443,5,3
6444,5,1
6445,5,5
6446,6,6
6447,5,1
6448,6,4
6449,5,4
6450,4,2
6451,6,6
6452,5,5
6453,6,2
6454,6,6
6455,6,3
6456,6,2
6457,5,3
6458,5,5
6459,6,4
6460,5,3
6461,5,1
6462,4,0
6463,6,6
6464,4,2
6465,5,5
6466,6,2
6467,4,0
6468,5,2
6469,6,4
6470,4,1
6471,5,2
6472,5,4
6473,4,1
6474,6,1
6475,4,3
6476,4,4
6477,6,4
6478,6,6
6479,6,6
6480,6,2
6481,4,4
6482,4,4
6483,4,0
6484,4,2
6485,4,2
6486,6,1
6487,6,2
6488,6,6
6489,4,2
6490,4,0
6491,6,6
6492,6,1
6493,4,4
6494,6,6
6495,6,5
6496,4,2
6497,6,6
6498,6,6
6499,5,3
6500,6,5
6501,6,6
6502,5,1
6503,4,4
6504,4,0
6505,6,4
6506,6,6
6507,4,4
6508,6,5
6509,5,4
6510,6,4
6511,4,2
6512,5,4
6513,4,2
6514,5,5
6515,4,2
6516,6,4
6517,6,0
6518,5,5
6519,6,3
6520,6,1
6521,6,6
6522,4,4
6523,6,4
6524,4,3
6525,5,5
6526,6,0
6527,5,3
6528,4,4
6529,6,6
6530,6,6
6531,5,5
6532,6,5
6533,5,0
6534,4,2
6535,6,6
6536,4,2
6537,4,2
6538,4,1
6539,6,5
6540,6,5
6541,6,2
6542,6,2
6543,6,0
6544,4,4
6545,6,1
6546,5,2
6547,6,4
6548,4,4
6549,6,2
6550,5,3
6551,5,5
6552,6,0
6553,4,4
6554,6,1
6555,4,0
6556,6,6
6557,4,0
6558,5,5
6559,6,6
6560,4,4
6561,6,3
6562,5,4
6563,4,2
6564,6,6
6565,5,2
6566,6,6
6567,6,6
6568,6,1
6569,6,6
6570,6,4
6571,6,5
6572,5,3
6573,4,2
6574,6,6
6575,4,4
6576,6,2
6577,4,4
6578,6,5
6579,6,4
6580,4,2
6581,6,6
6582,4,0
6583,4,2
6584,6,0
6585,6,2
6586,5,5
6587,4,4
6588,4,0
6589,6,6
6590,4,4
6591,6,4
6592,4,2
6593,4,4
6594,4,4
6595,4,0
6596,4,4
6597,6,4
6598,4,0
6599,5,5
6600,6,4
6601,4,3
6602,4,2
6603,4,0
6604,4,0
6605,5,3
6606,5,2
6607,4,4
6608,4,4
6609,5,3
6610,6,3
6611,4,4
6612,4,1
6613,6,6
6614,4,1
6615,6,6
6616,5,5
6617,6,5
6618,6,3
6619,6,4
6620,5,3
6621,4,2
6622,6,4
6623,5,3
6624,6,6
6625,6,4
6626,4,2
6627,6,1
6628,4,2
6629,4,2
6630,4,0
6631,6,4
6632,4,0
6633,5,3
6634,5,3
6635,6,0
6636,4,0
6637,6,5
6638,6,6
6639,4,0
6640,5,4
6641,5,5
6642,5,4
6643,5,3
6644,4,2
6645,5,5
6646,4,3
6647,5,4
6648,6,4
6649,5,5
6650,4,0
6651,5,0
6652,4,4
6653,5,5
6654,4,4
6655,5,4
6656,6,6
6657,6,6
6658,6,4
6659,6,3
6660,4,4
6661,6,4
6662,5,4
6663,4,4
6664,5,3
6665,6,6
6666,6,4
6667,6,5
6668,6,4
6669,6,5
6670,5,3
6671,4,2
6672,6,3
6673,4,2
6674,6,4
6675,4,0
6676,6,6
6677,4,4
6678,6,0
6679,6,2
6680,4,3
6681,5,0
6682,6,3
6683,4,4
6684,6,6
6685,4,4
6686,6,6
6687,6,5
6688,6,6
6689,4,0
6690,6,0
6691,6,3
6692,4,0
6693,6,4
6694,4,4
6695,4,2
6696,6,3
6697,5,3
6698,6,4
6699,4,2
6700,6,0
6701,6,4
6702,6,2
6703,5,5
6704,4,2
6705,4,4
6706,4,3
6707,5,5
6708,6,5
6709,6,6
6710,4,4
6711,6,4
6712,6,5
6713,4,0
6714,6,4
6715,5,2
6716,6,6
6717,6,3
6718,4,2
6719,4,0
6720,5,5
6721,6,2
6722,4,1
6723,6,6
6724,4,2
6725,6,6
6726,6,5
6727,6,4
6728,6,6
6729,6,3
6730,6,5
6731,6,4
6732,6,6
6733,4,2
6734,6,2
6735,5,1
6736,4,2
6737,4,4
6738,5,3
6739,4,1
6740,6,2
6741,6,4
6742,6,5
6743,5,5
6744,6,6
6745,5,5
6746,6,2
6747,5,0
6748,6,6
6749,4,4
6750,5,5
6751,4,4
6752,6,6
6753,6,5
6754,5,3
6755,5,5
6756,6,6
6757,5,4
6758,6,5
6759,6,6
6760,6,6
6761,6,2
6762,5,4
6763,6,6
6764,4,2
6765,4,0
6766,6,6
6767,5,3
6768,6,2
6769,6,3
6770,4,4
6771,5,0
6772,4,4
6773,4,3
6774,6,3
6775,6,4
6776,6,3
6777,6,1
6778,6,3
6779,6,3
6780,6,5
6781,6,6
6782,6,4
6783,4,4
6784,4,2
6785,6,6
6786,6,3
6787,6,6
6788,6,6
6789,4,4
6790,6,2
6791,4,2
6792,6,1
6793,6,2
6794,6,2
6795,6,2
6796,6,4
6797,5,2
6798,6,6
6799,4,4
6800,4,4
6801,5,2
6802,6,6
6803,6,6
6804,5,5
6805,4,4
6806,4,2
6807,6,0
6808,6,2
6809,6,2
6810,4,4
6811,6,2
6812,5,5
6813,4,3
6814,5,3
6815,6,2
6816,6,0
6817,4,2
6818,5,4
6819,4,2
6820,6,2
6821,6,2
6822,6,1
6823,4,2
6824,5,4
6825,5,4
6826,6,6
6827,5,3
6828,5,3
6829,5,2
6830,4,2
6831,6,5
6832,6,4
6833,6,6
6834,4,2
6835,6,6
6836,5,5
6837,6,6
6838,5,0
6839,6,5
6840,5,0
6841,6,3
6842,4,3
6843,5,5
6844,6,2
6845,6,6
6846,4,0
6847,5,4
6848,5,1
6849,4,4
6850,6,2
6851,6,6
6852,6,4
6853,5,5
6854,6,3
6855,5,4
6856,6,4
6857,6,6
6858,6,3
6859,6,6
6860,6,0
6861,4,0
6862,6,1
6863,6,0
6864,5,3
6865,5,5
6866,5,2
6867,6,1
6868,5,5
6869,5,4
6870,4,4
6871,5,3
6872,5,3
6873,4,4
6874,5,5
6875,6,6
6876,6,6
6877,5,1
6878,4,0
6879,4,2
6880,5,2
6881,6,5
6882,4,4
6883,6,6
6884,5,3
6885,4,2
6886,6,6
6887,6,6
6888,5,5
6889,6,6
6890,6,6
6891,5,1
6892,6,6
6893,6,2
6894,6,3
6895,6,6
6896,6,2
6897,5,5
6898,6,6
6899,4,4
6900,4,4
6901,6,4
6902,6,4
6903,4,4
6904,6,4
6905,6,2
6906,6,0
6907,4,4
6908,6,0
6909,6,4
6910,4,4
6911,6,0
6912,4,4
6913,6,6
6914,5,2
6915,4,4
6916,6,4
6917,5,0
6918,4,4
6919,5,1
6920,6,4
6921,5,2
6922,5,5
6923,4,2
6924,5,5
6925,4,0
6926,6,2
6927,6,5
6928,6,4
6929,5,3
6930,4,4
6931,6,2
6932,6,0
6933,5,5
6934,4,4
6935,6,5
6936,6,2
6937,4,4
6938,6,6
6939,4,4
6940,5,5
6941,4,2
6942,6,1
6943,6,6
6944,5,5
6945,6,5
6946,6,5
6947,4,0
6948,4,3
6949,5,3
6950,4,4
6951,6,4
6952,6,6
6953,6,6
6954,6,6
6955,5,3
6956,4,4
6957,6,6
6958,5,5
6959,4,3
6960,5,1
6961,6,4
6962,6,5
6963,6,5
6964,6,5
6965,6,6
6966,4,4
6967,6,2
6968,6,2
6969,4,1
6970,4,4
6971,4,0
6972,4,2
6973,4,2
6974,6,2
6975,4,4
6976,6,4
6977,6,4
6978,4,2
6979,5,5
6980,6,1
6981,6,6
6982,6,6
6983,6,2
6984,6,4
6985,4,1
6986,4,4
6987,5,0
6988,6,3
6989,6,6
6990,6,4
6991,6,2
6992,6,6
6993,6,6
6994,6,4
6995,4,2
6996,4,2
6997,5,0
6998,6,6
6999,4,1
7000,6,2
7001,4,3
7002,6,4
7003,6,3
7004,5,2
7005,6,6
7006,4,4
7007,6,3
7008,4,4
7009,5,5
7010,4,2
7011,4,2
7012,6,3
7013,6,2
7014,5,5
7015,6,1
7016,6,0
7017,5,4
7018,6,6
7019,4,4
7020,5,1
7021,5,3
7022,6,6
7023,4,4
7024,4,4
7025,6,6
7026,4,4
7027,6,4
7028,6,5
7029,6,6
7030,5,4
7031,4,1
7032,6,4
7033,6,4
7034,4,4
7035,4,0
7036,6,0
7037,6,6
7038,6,6
7039,5,3
7040,6,5
7041,6,2
7042,5,2
7043,6,6
7044,6,4
7045,6,2
7046,6,4
7047,5,3
7048,4,3
7049,5,5
7050,6,2
7051,6,2
7052,4,4
7053,5,5
7054,5,1
7055,5,5
7056,5,5
7057,6,4
7058,6,5
7059,6,6
7060,4,1
7061,6,6
7062,5,1
7063,4,3
7064,5,0
7065,6,2
7066,6,2
7067,5,2
7068,6,0
7069,6,4
7070,4,1
7071,6,4
7072,6,6
7073,5,1
7074,6,2
7075,5,4
7076,6,6
7077,4,4
7078,5,5
7079,5,3
7080,4,4
7081,6,2
7082,6,1
7083,4,4
7084,4,2
7085,6,6
7086,5,5
7087,6,6
7088,5,5
7089,4,2
7090,6,0
7091,5,3
7092,5,3
7093,4,4
7094,6,5
7095,6,3
7096,4,1
7097,6,4
7098,4,4
7099,6,6
7100,6,6
7101,5,1
7102,6,0
7103,4,0
7104,4,1
7105,5,3
7106,6,0
7107,6,2
7108,4,1
7109,4,2
7110,4,0
7111,6,4
7112,6,3
7113,6,4
7114,6,4
7115,5,5
7116,6,4
7117,6,5
7118,5,5
7119,6,6
7120,6,4
7121,4,2
7122,6,4
7123,6,5
7124,6,0
7125,6,4
7126,6,6
7127,6,2
7128,5,5
7129,5,1
7130,6,6
7131,5,5
7132,4,4
7133,6,1
7134,6,4
7135,6,6
7136,6,1
7137,6,5
7138,6,5
7139,5,3
7140,6,3
7141,5,5
7142,5,4
7143,4,4
7144,6,4
7145,6,4
7146,4,4
7147,6,6
7148,6,6
7149,5,0
7150,4,3
7151,5,3
7152,6,2
7153,6,5
7154,4,0
7155,4,0
7156,6,6
7157,5,3
7158,5,5
7159,6,6
7160,4,3
7161,6,4
7162,6,6
7163,5,4
7164,4,2
7165,6,5
7166,6,6
7167,6,4
7168,6,3
7169,6,2
7170,5,3
7171,5,3
7172,4,4
7173,6,0
7174,4,1
7175,5,5
7176,6,0
7177,4,4
7178,6,1
7179,4,2
7180,4,0
7181,4,4
7182,5,0
7183,5,4
7184,4,4
7185,6,6
7186,4,2
7187,6,0
7188,4,2
7189,4,4
7190,5,2
7191,5,3
7192,6,1
7193,5,5
7194,5,1
7195,5,5
7196,6,5
7197,4,4
7198,6,6
7199,6,5
7200,6,2
7201,4,2
7202,4,4
7203,6,6
7204,4,1
7205,6,0
7206,5,5
7207,5,3
7208,4,4
7209,6,4
7210,5,5
7211,5,4
7212,4,4
7213,4,4
7214,6,4
7215,6,3
7216,4,2
7217,6,4
7218,6,0
7219,5,1
7220,4,1
7221,6,2
7222,4,0
7223,4,3
7224,4,4
7225,4,3
7226,4,4
7227,6,4
7228,6,2
7229,6,5
7230,4,0
7231,4,3
7232,6,2
7233,4,3
7234,6,4
7235,4,4
7236,6,3
7237,6,4
7238,5,2
7239,6,3
7240,4,2
7241,4,4
7242,6,6
7243,4,4
7244,4,2
7245,6,2
7246,6,4
7247,6,5
7248,5,0
7249,5,2
7250,6,5
7251,5,2
7252,4,2
7253,5,0
7254,5,5
7255,5,1
7256,6,2
7257,6,6
7258,6,1
7259,4,4
7260,4,1
7261,4,4
7262,6,4
7263,6,1
7264,5,1
7265,4,0
7266,6,2
7267,5,5
7268,6,6
7269,6,1
7270,4,4
7271,6,6
7272,6,2
7273,6,4
7274,6,1
7275,6,4
7276,5,2
7277,4,0
7278,5,0
7279,6,5
7280,4,2
7281,6,0
7282,6,4
7283,6,4
7284,6,2
7285,5,4
7286,6,4
7287,6,2
7288,6,0
7289,6,1
7290,6,6
7291,6,5
7292,6,2
7293,6,2
7294,5,1
7295,6,1
7296,4,2
7297,5,5
7298,6,6
7299,4,0
7300,5,1
7301,5,4
7302,5,5
7303,6,6
7304,6,6
7305,6,6
7306,6,6
7307,6,5
7308,5,2
7309,4,4
7310,6,4
7311,6,1
7312,4,4
7313,5,0
7314,6,3
7315,6,2
7316,6,4
7317,6,5
7318,5,1
7319,5,5
7320,6,1
7321,6,4
7322,6,2
7323,6,4
7324,6,5
7325,6,4
7326,6,0
7327,6,4
7328,6,5
7329,4,0
7330,6,1
7331,6,4
7332,6,6
7333,6,6
7334,4,2
7335,6,5
7336,4,0
7337,5,2
7338,4,4
7339,5,5
7340,6,6
7341,6,0
7342,5,4
7343,4,0
7344,6,4
7345,4,4
7346,5,1
7347,4,0
7348,4,4
7349,6,6
7350,6,4
7351,4,2
7352,6,6
7353,4,0
7354,4,4
7355,6,1
7356,6,4
7357,5,2
7358,4,4
7359,6,5
7360,6,6
7361,4,2
7362,4,2
7363,4,4
7364,4,2
7365,5,5
7366,6,4
7367,5,4
7368,4,3
7369,4,4
7370,5,5
7371,5,0
7372,5,1
7373,5,4
7374,5,5
7375,4,3
7376,4,4
7377,6,3
7378,6,3
7379,6,6
7380,6,5
7381,5,3
7382,6,6
7383,4,4
7384,5,1
7385,6,2
7386,6,6
7387,6,2
7388,6,6
7389,6,1
7390,4,4
7391,6,4
7392,6,6
7393,4,4
7394,6,2
7395,4,3
7396,6,2
7397,6,4
7398,6,6
7399,6,5
7400,6,2
7401,5,3
7402,5,5
7403,6,0
7404,4,4
7405,6,2
7406,4,4
7407,6,1
7408,4,0
7409,6,6
7410,6,0
7411,4,4
7412,5,5
7413,6,4
7414,6,4
7415,5,4
7416,4,3
7417,4,4
7418,6,6
7419,5,4
7420,5,3
7421,5,5
7422,6,3
7423,4,4
7424,4,2
7425,4,4
7426,6,4
7427,5,5
7428,6,2
7429,6,1
7430,6,3
7431,6,0
7432,4,0
7433,5,3
7434,6,4
7435,6,6
7436,4,0
7437,6,0
7438,6,6
7439,4,3
7440,4,3
7441,5,5
7442,6,6
7443,5,5
7444,5,3
7445,6,0
7446,6,4
7447,6,3
7448,5,4
7449,4,2
7450,6,6
7451,6,2
7452,6,4
7453,6,4
7454,4,1
7455,6,4
7456,6,6
7457,6,3
7458,6,3
7459,5,5
7460,4,4
7461,6,5
7462,6,6
7463,4,3
7464,6,5
7465,6,4
7466,6,4
7467,4,4
7468,4,2
7469,4,4
7470,4,0
7471,5,0
7472,4,4
7473,6,4
7474,6,2
7475,6,3
7476,5,5
7477,6,1
7478,6,6
7479,4,4
7480,6,2
7481,5,5
7482,5,4
7483,6,1
7484,6,2
7485,6,6
7486,4,2
7487,5,1
7488,6,6
7489,4,4
7490,5,3
7491,4,0
7492,5,5
7493,6,3
7494,6,6
7495,6,5
7496,6,0
7497,6,3
7498,4,0
7499,6,0
7500,5,3
7501,4,0
7502,6,6
7503,5,5
7504,4,1
7505,4,4
7506,5,5
7507,6,4
7508,5,5
7509,4,4
7510,6,5
7511,5,3
7512,6,0
7513,5,5
7514,4,4
7515,5,5
7516,6,3
7517,4,0
7518,6,6
7519,6,2
7520,6,6
7521,6,5
7522,4,4
7523,4,4
7524,5,2
7525,6,2
7526,4,2
7527,6,4
7528,6,3
7529,6,5
7530,6,6
7531,6,2
7532,5,3
7533,5,1
7534,6,2
7535,4,4
7536,6,6
7537,6,3
7538,4,0
7539,5,0
7540,5,3
7541,5,5
7542,4,4
7543,4,4
7544,6,0
7545,4,2
7546,4,4
7547,6,5
7548,6,1
7549,4,0
7550,6,4
7551,5,4
7552,4,4
7553,6,6
7554,5,5
7555,6,4
7556,4,2
7557,4,4
7558,4,4
7559,4,3
7560,4,2
7561,6,6
7562,4,1
7563,5,4
7564,5,3
7565,5,4
7566,6,6
7567,6,5
7568,6,4
7569,5,4
7570,6,6
7571,6,6
7572,6,6
7573,5,0
7574,6,2
7575,4,0
7576,6,6
7577,6,3
7578,5,0
7579,6,1
7580,6,0
7581,6,6
7582,6,0
7583,6,4
7584,4,4
7585,6,6
7586,6,2
7587,5,5
7588,4,4
7589,6,1
7590,4,0
7591,5,5
7592,6,1
7593,6,6
7594,6,5
7595,6,4
7596,6,2
7597,6,5
7598,6,6
7599,6,5
7600,5,5
7601,4,0
7602,4,0
7603,6,2
7604,5,3
7605,4,4
7606,6,2
7607,6,4
7608,6,5
7609,4,4
7610,6,0
7611,6,4
7612,4,3
7613,6,4
7614,4,4
7615,6,3
7616,6,4
7617,6,6
7618,6,5
7619,6,2
7620,6,3
7621,5,5
7622,4,2
7623,6,2
7624,6,2
7625,5,2
7626,4,4
7627,6,6
7628,4,4
7629,5,2
7630,6,1
7631,4,4
7632,6,6
7633,4,2
7634,5,5
7635,4,2
7636,4,2
7637,4,2
7638,6,5
7639,6,5
7640,4,3
7641,5,1
7642,4,4
7643,6,6
7644,6,6
7645,4,2
7646,6,4
7647,4,4
7648,5,3
7649,4,4
7650,5,5
7651,6,2
7652,4,4
7653,6,4
7654,6,6
7655,5,4
7656,4,4
7657,6,5
7658,5,3
7659,5,5
7660,5,2
7661,4,2
7662,6,6
7663,5,2
7664,4,2
7665,6,6
7666,5,0
7667,4,0
7668,6,6
7669,5,4
7670,4,3
7671,4,1
7672,6,6
7673,6,2
7674,6,4
7675,6,5
7676,4,3
7677,6,3
7678,6,6
7679,4,1
7680,6,0
7681,5,0
7682,5,3
7683,6,6
7684,5,3
7685,6,6
7686,4,2
7687,6,6
7688,6,0
7689,6,6
7690,6,5
7691,6,1
7692,4,4
7693,6,3
7694,4,2
7695,4,2
7696,6,1
7697,6,1
7698,6,4
7699,6,4
7700,6,6
7701,6,6
7702,4,4
7703,6,4
7704,4,2
7705,6,2
7706,5,5
7707,6,2
7708,6,6
7709,5,5
7710,6,0
7711,5,4
7712,6,2
7713,6,6
7714,5,5
7715,6,6
7716,5,5
7717,6,5
7718,6,6
7719,5,4
7720,5,5
7721,6,6
7722,6,2
7723,6,6
7724,5,2
7725,4,1
7726,5,5
7727,4,2
7728,4,4
7729,6,6
7730,4,2
7731,4,0
7732,4,0
7733,6,4
7734,4,4
7735,6,4
7736,4,2
7737,6,2
7738,6,5
7739,6,5
7740,6,2
7741,6,1
7742,4,2
7743,5,0
7744,6,5
7745,6,6
7746,6,4
7747,5,4
7748,5,3
7749,4,2
7750,6,0
7751,6,6
7752,6,2
7753,4,0
7754,5,1
7755,6,5
7756,4,2
7757,6,2
7758,4,4
7759,6,6
7760,4,4
7761,6,2
7762,6,6
7763,4,0
7764,6,6
7765,6,5
7766,4,2
7767,6,2
7768,4,4
7769,4,4
7770,6,6
7771,6,5
7772,6,4
7773,6,4
7774,6,2
7775,4,4
7776,6,2
7777,5,5
7778,6,6
7779,5,2
7780,6,4
7781,6,0
7782,6,3
7783,5,5
7784,6,4
7785,5,4
7786,5,5
7787,5,2
7788,4,4
7789,6,6
7790,4,2
7791,4,4
7792,6,6
7793,6,2
7794,6,4
7795,4,4
7796,4,0
7797,6,4
7798,5,5
7799,4,2
7800,4,2
7801,6,1
7802,6,4
7803,6,6
7804,4,0
7805,4,4
7806,6,6
7807,4,4
7808,4,2
7809,6,4
7810,5,0
7811,4,4
7812,6,6
7813,4,2
7814,5,1
7815,4,2
7816,5,5
7817,4,3
7818,6,6
7819,6,6
7820,6,3
7821,5,3
7822,4,4
7823,5,2
7824,4,0
7825,6,0
7826,5,3
7827,4,2
7828,6,6
7829,5,3
7830,6,1
7831,4,4
7832,4,4
7833,4,0
7834,4,3
7835,4,2
7836,5,4
7837,6,4
7838,5,0
7839,5,5
7840,4,1
7841,4,1
7842,6,6
7843,6,2
7844,6,1
7845,4,1
7846,4,1
7847,4,4
7848,6,3
7849,6,0
7850,6,2
7851,5,3
7852,6,5
7853,4,4
7854,5,3
7855,4,2
7856,5,4
7857,5,5
7858,4,4
7859,6,5
7860,6,1
7861,5,0
7862,4,4
7863,5,1
7864,4,2
7865,5,5
7866,6,5
7867,4,4
7868,5,2
7869,6,5
7870,6,1
7871,6,0
7872,4,3
7873,6,6
7874,5,1
7875,4,4
7876,5,5
7877,4,0
7878,6,4
7879,6,3
7880,5,1
7881,6,5
7882,6,6
7883,6,6
7884,4,2
7885,6,6
7886,5,4
7887,4,3
7888,4,0
7889,4,4
7890,5,3
7891,6,6
7892,4,4
7893,5,3
7894,5,4
7895,6,3
7896,6,4
7897,5,1
7898,6,0
7899,4,2
7900,4,2
7901,4,4
7902,6,6
7903,4,4
7904,4,4
7905,4,3
7906,4,2
7907,6,4
7908,6,4
7909,6,3
7910,6,6
7911,5,3
7912,6,4
7913,5,5
7914,6,3
7915,4,4
7916,5,5
7917,6,4
7918,4,4
7919,5,5
7920,4,4
7921,6,4
7922,6,5
7923,4,0
7924,6,2
7925,4,4
7926,5,1
7927,6,5
7928,6,4
7929,6,1
7930,4,4
7931,6,6
7932,4,1
7933,4,4
7934,6,2
7935,6,6
7936,5,5
7937,6,6
7938,4,4
7939,5,3
7940,5,0
7941,6,6
7942,5,3
7943,4,4
7944,6,4
7945,4,2
7946,4,3
7947,6,4
7948,6,3
7949,6,4
7950,6,6
7951,6,3
7952,4,2
7953,4,4
7954,4,0
7955,4,3
7956,4,4
7957,4,0
7958,6,6
7959,6,4
7960,5,5
7961,6,6
7962,6,3
7963,5,4
7964,6,4
7965,6,2
7966,5,5
7967,4,4
7968,6,6
7969,6,4
7970,6,5
7971,6,2
7972,5,4
7973,4,2
7974,5,2
7975,5,2
7976,6,6
7977,4,4
7978,6,5
7979,6,6
7980,6,1
7981,5,0
7982,4,0
7983,6,6
7984,6,6
7985,5,5
7986,4,4
7987,4,4
7988,6,3
7989,5,1
7990,4,2
7991,6,6
7992,6,6
7993,6,0
7994,6,2
7995,6,5
7996,4,2
7997,6,2
7998,6,2
7999,6,6
8000,5,4
8001,5,0
8002,5,3
8003,6,2
8004,4,0
8005,4,2
8006,4,0
8007,4,4
8008,4,4
8009,6,2
8010,6,3
8011,6,2
8012,4,3
8013,4,0
8014,6,4
8015,4,2
8016,6,5
8017,5,1
8018,4,4
8019,4,3
8020,6,5
8021,4,2
8022,4,1
8023,6,2
8024,6,4
8025,6,1
8026,5,3
8027,6,4
8028,6,6
8029,4,1
8030,5,1
8031,5,4
8032,4,4
8033,5,5
8034,6,6
8035,4,4
8036,6,4
8037,6,0
8038,4,4
8039,6,2
8040,6,0
8041,4,2
8042,6,6
8043,5,5
8044,4,0
8045,6,5
8046,5,5
8047,6,6
8048,6,6
8049,4,1
8050,5,3
8051,6,1
8052,6,0
8053,4,0
8054,6,5
8055,4,4
8056,6,4
8057,5,5
8058,6,6
8059,6,1
8060,5,5
8061,6,6
8062,6,3
8063,5,1
8064,4,2
8065,4,4
8066,6,5
8067,6,5
8068,5,3
8069,6,1
8070,6,4
8071,4,4
8072,6,4
8073,6,5
8074,6,2
8075,5,2
8076,4,4
8077,4,4
8078,4,3
8079,5,4
8080,6,4
8081,6,4
8082,6,6
8083,4,4
8084,6,2
8085,6,6
8086,5,5
8087,6,2
8088,6,0
8089,4,2
8090,6,2
8091,6,5
8092,4,1
8093,4,4
8094,5,3
8095,5,4
8096,4,4
8097,6,5
8098,4,4
8099,4,3
8100,6,3
8101,4,3
8102,6,4
8103,6,5
8104,4,4
8105,6,2
8106,4,2
8107,4,0
8108,4,4
8109,6,6
8110,5,2
8111,6,6
8112,6,0
8113,4,3
8114,6,6
8115,6,4
8116,6,2
8117,4,2
8118,5,4
8119,6,5
8120,6,6
8121,5,4
8122,4,1
8123,6,3
8124,6,4
8125,6,6
8126,6,4
8127,4,4
8128,6,3
8129,4,1
8130,6,6
8131,6,6
8132,6,5
8133,4,4
8134,6,5
8135,5,5
8136,6,5
8137,6,2
8138,5,5
8139,4,3
8140,6,4
8141,6,4
8142,6,6
8143,4,2
8144,4,4
8145,5,5
8146,4,4
8147,6,6
8148,6,2
8149,6,6
8150,6,6
8151,6,3
8152,6,6
8153,4,3
8154,5,5
8155,4,4
8156,6,4
8157,6,6
8158,5,3
8159,4,0
8160,6,6
8161,4,2
8162,6,6
8163,5,3
8164,5,3
8165,6,4
8166,6,4
8167,6,0
8168,6,5
8169,6,6
8170,6,4
8171,6,0
8172,6,4
8173,5,5
8174,6,3
8175,6,2
8176,5,5
8177,5,5
8178,6,0
8179,6,6
8180,6,6
8181,4,1
8182,6,0
8183,6,3
8184,6,4
8185,6,5
8186,6,0
8187,6,3
8188,6,4
8189,6,3
8190,4,4
8191,6,6
8192,6,3
8193,4,4
8194,6,6
8195,4,2
8196,6,2
8197,5,5
8198,6,4
8199,4,4
8200,4,0
8201,4,4
8202,4,4
8203,5,5
8204,5,0
8205,6,2
8206,6,1
8207,5,4
8208,6,4
8209,6,6
8210,4,4
8211,5,3
8212,6,4
8213,6,5
8214,6,6
8215,6,6
8216,6,0
8217,6,3
8218,4,4
8219,5,3
8220,6,2
8221,6,4
8222,4,4
8223,6,6
8224,5,4
8225,5,3
8226,6,5
8227,6,5
8228,6,3
8229,6,3
8230,4,4
8231,5,5
8232,6,6
8233,4,4
8234,4,2
8235,6,4
8236,6,4
8237,6,4
8238,5,3
8239,4,4
8240,5,4
8241,6,1
8242,6,6
8243,6,5
8244,4,3
8245,6,1
8246,4,0
8247,4,0
8248,4,0
8249,6,1
8250,6,4
8251,4,4
8252,4,2
8253,6,3
8254,4,1
8255,6,6
8256,6,6
8257,6,5
8258,6,5
8259,6,2
8260,4,0
8261,5,4
8262,5,3
8263,5,2
8264,4,2
8265,5,1
8266,4,4
8267,4,4
8268,6,6
8269,4,4
8270,5,1
8271,6,3
8272,6,6
8273,4,4
8274,6,6
8275,5,3
8276,6,4
8277,6,4
8278,5,1
8279,5,3
8280,6,6
8281,4,0
8282,4,4
8283,6,0
8284,6,2
8285,4,4
8286,6,0
8287,6,0
8288,6,6
8289,6,4
8290,4,0
8291,6,5
8292,5,5
8293,6,2
8294,6,1
8295,6,6
8296,4,3
8297,4,1
8298,6,5
8299,6,3
8300,6,4
8301,4,2
8302,6,1
8303,4,4
8304,4,3
8305,6,5
8306,6,2
8307,4,4
8308,4,2
8309,6,0
8310,4,2
8311,6,6
8312,6,6
8313,4,2
8314,4,4
8315,6,6
8316,4,4
8317,4,0
8318,5,4
8319,6,6
8320,5,4
8321,6,4
8322,4,4
8323,6,6
8324,5,4
8325,4,4
8326,6,6
8327,6,3
8328,4,3
8329,4,1
8330,6,4
8331,6,5
8332,6,2
8333,5,3
8334,4,1
8335,6,2
8336,6,6
8337,6,6
8338,4,4
8339,5,1
8340,4,0
8341,4,4
8342,4,4
8343,6,4
8344,6,5
8345,6,6
8346,6,0
8347,5,1
8348,6,6
8349,6,3
8350,5,3
8351,6,5
8352,5,5
8353,4,2
8354,6,0
8355,6,4
8356,6,6
8357,4,4
8358,5,5
8359,4,4
8360,6,6
8361,6,0
8362,6,6
8363,6,5
8364,6,2
8365,4,4
8366,4,4
8367,5,3
8368,4,4
8369,4,4
8370,6,3
8371,4,4
8372,4,4
8373,6,6
8374,4,0
8375,4,4
8376,4,4
8377,4,3
8378,4,0
8379,6,5
8380,5,3
8381,6,5
8382,6,4
8383,6,3
8384,6,5
8385,6,5
8386,6,3
8387,4,4
8388,4,2
8389,5,2
8390,6,4
8391,5,5
8392,6,4
8393,4,0
8394,4,2
8395,5,3
8396,4,0
8397,6,4
8398,5,1
8399,5,5
8400,6,2
8401,6,6
8402,4,4
8403,6,4
8404,6,4
8405,6,1
8406,6,6
8407,4,2
8408,6,5
8409,4,2
8410,4,0
8411,4,1
8412,5,4
8413,4,1
8414,4,2
8415,5,5
8416,6,5
8417,6,3
8418,5,1
8419,5,1
8420,4,0
8421,6,6
8422,6,2
8423,6,6
8424,5,5
8425,6,3
8426,5,5
8427,6,6
8428,6,4
8429,5,0
8430,6,0
8431,5,3
8432,6,6
8433,6,4
8434,6,6
8435,6,3
8436,6,6
8437,6,4
8438,4,4
8439,5,0
8440,6,2
8441,5,3
8442,6,2
8443,5,3
8444,4,3
8445,5,2
8446,6,5
8447,6,6
8448,6,6
8449,4,4
8450,4,4
8451,6,2
8452,4,4
8453,5,3
8454,6,5
8455,5,5
8456,4,4
8457,4,4
8458,4,0
8459,6,0
8460,5,4
8461,6,2
8462,6,5
8463,6,6
8464,6,6
8465,6,3
8466,6,2
8467,6,1
8468,6,5
8469,5,3
8470,6,4
8471,6,1
8472,5,4
8473,4,0
8474,6,4
8475,6,6
8476,5,0
8477,4,4
8478,6,6
8479,6,4
8480,4,2
8481,5,5
8482,6,2
8483,5,4
8484,6,2
8485,4,1
8486,6,4
8487,6,4
8488,6,3
8489,5,5
8490,6,2
8491,6,0
8492,5,2
8493,6,6
8494,6,6
8495,6,6
8496,4,0
8497,6,6
8498,4,4
8499,6,1
8500,6,5
8501,4,4
8502,6,6
8503,6,5
8504,6,2
8505,6,4
8506,4,2
8507,5,5
8508,4,4
8509,5,2
8510,4,3
8511,5,1
8512,5,3
8513,6,0
8514,5,0
8515,5,3
8516,6,0
8517,6,4
8518,5,5
8519,6,2
8520,4,2
8521,4,4
8522,6,0
8523,6,3
8524,4,4
8525,6,3
8526,6,3
8527,4,0
8528,4,4
8529,6,6
8530,5,0
8531,4,2
8532,5,2
8533,5,1
8534,6,4
8535,4,0
8536,6,5
8537,6,0
8538,4,4
8539,6,5
8540,4,3
8541,6,6
8542,6,2
8543,6,4
8544,6,2
8545,4,4
8546,5,2
8547,6,6
8548,4,4
8549,5,5
8550,5,3
8551,4,4
8552,6,6
8553,4,2
8554,6,6
8555,5,3
8556,6,4
8557,5,5
8558,4,4
8559,6,4
8560,4,4
8561,6,2
8562,5,2
8563,6,6
8564,4,4
8565,4,2
8566,6,5
8567,4,4
8568,6,5
8569,6,5
8570,6,1
8571,6,5
8572,6,5
8573,6,5
8574,5,5
8575,5,5
8576,6,6
8577,6,6
8578,6,4
8579,5,5
8580,5,1
8581,6,6
8582,6,3
8583,6,6
8584,6,3
8585,4,4
8586,5,5
8587,6,6
8588,4,4
8589,6,5
8590,5,3
8591,6,5
8592,5,5
8593,6,4
8594,5,0
8595,6,1
8596,6,6
8597,6,2
8598,5,4
8599,4,1
8600,4,3
8601,4,2
8602,4,0
8603,6,6
8604,4,4
8605,6,6
8606,4,4
8607,6,4
8608,5,1
8609,4,4
8610,6,4
8611,6,6
8612,5,1
8613,6,6
8614,4,0
8615,4,4
8616,6,4
8617,4,4
8618,6,5
8619,5,3
8620,5,5
8621,6,3
8622,6,5
8623,4,0
8624,4,2
8625,4,0
8626,6,6
8627,5,3
8628,5,1
8629,6,6
8630,4,0
8631,5,5
8632,4,4
8633,4,0
8634,6,5
8635,5,3
8636,5,2
8637,6,5
8638,6,5
8639,4,2
8640,4,2
8641,5,1
8642,6,1
8643,4,3
8644,5,5
8645,4,2
8646,6,4
8647,6,1
8648,4,4
8649,6,4
8650,5,5
8651,4,4
8652,5,4
8653,4,2
8654,6,6
8655,6,3
8656,6,2
8657,4,1
8658,6,4
8659,6,5
8660,6,5
8661,4,2
8662,5,3
8663,6,4
8664,4,2
8665,6,3
8666,5,5
8667,6,4
8668,6,2
8669,6,4
8670,5,0
8671,6,3
8672,4,2
8673,6,5
8674,4,2
8675,6,4
8676,6,6
8677,4,2
8678,4,3
8679,6,6
8680,6,4
8681,6,5
8682,4,1
8683,6,6
8684,6,3
8685,5,4
8686,6,6
8687,5,5
8688,6,4
8689,6,6
8690,6,0
8691,4,2
8692,6,3
8693,6,2
8694,6,6
8695,4,2
8696,4,4
8697,4,3
8698,6,4
8699,6,6
8700,4,3
8701,5,0
8702,4,0
8703,6,2
8704,6,5
8705,5,0
8706,4,0
8707,6,4
8708,6,0
8709,5,2
8710,6,1
8711,4,0
8712,6,6
8713,4,0
8714,6,6
8715,6,6
8716,5,4
8717,4,2
8718,6,1
8719,6,5
8720,6,5
8721,6,2
8722,6,3
8723,6,4
8724,6,6
8725,4,1
8726,4,4
8727,5,5
8728,6,4
8729,5,3
8730,6,3
8731,6,2
8732,4,4
8733,5,3
8734,6,0
8735,5,1
8736,6,0
8737,4,4
8738,5,3
8739,6,4
8740,6,4
8741,4,3
8742,5,0
8743,5,5
8744,6,4
8745,6,0
8746,4,4
8747,5,5
8748,4,2
8749,5,4
8750,6,4
8751,5,3
8752,5,4
8753,5,4
8754,6,6
8755,6,4
8756,5,3
8757,6,3
8758,5,5
8759,5,1
8760,6,6
8761,6,3
8762,5,5
8763,6,2
8764,6,6
8765,6,6
8766,4,0
8767,6,3
8768,6,5
8769,5,5
8770,6,5
8771,6,5
8772,4,4
8773,6,4
8774,6,2
8775,4,4
8776,6,0
8777,6,4
8778,4,2
8779,5,5
8780,4,4
8781,5,0
8782,6,4
8783,5,2
8784,4,4
8785,4,4
8786,5,0
8787,6,0
8788,5,1
8789,4,2
8790,6,6
8791,6,5
8792,6,4
8793,4,0
8794,5,2
8795,6,2
8796,6,5
8797,6,5
8798,5,4
8799,5,2
8800,5,5
8801,6,0
8802,6,6
8803,6,1
8804,4,4
8805,5,5
8806,4,1
8807,6,2
8808,6,2
8809,4,3
8810,5,5
8811,6,4
8812,6,6
8813,4,4
8814,5,2
8815,4,4
8816,4,4
8817,6,6
8818,6,3
8819,6,2
8820,4,4
8821,5,3
8822,5,2
8823,6,5
8824,6,4
8825,4,2
8826,6,2
8827,4,2
8828,6,6
8829,6,6
8830,6,4
8831,4,4
8832,4,3
8833,5,2
8834,4,2
8835,5,4
8836,6,5
8837,6,6
8838,6,5
8839,5,4
8840,6,6
8841,4,4
8842,5,5
8843,6,2
8844,6,5
8845,4,4
8846,6,3
8847,6,1
8848,5,0
8849,4,2
8850,6,4
8851,4,2
8852,4,2
8853,6,0
8854,4,4
8855,6,4
8856,6,4
8857,6,6
8858,6,6
8859,6,6
8860,6,6
8861,5,2
8862,6,1
8863,6,3
8864,5,1
8865,5,5
8866,5,5
8867,6,1
8868,6,4
8869,6,2
8870,6,0
8871,4,2
8872,4,2
8873,5,3
8874,5,0
8875,6,6
8876,4,0
8877,5,3
8878,6,2
8879,5,1
8880,6,4
8881,4,1
8882,4,0
8883,6,5
8884,6,6
8885,6,6
8886,4,4
8887,6,4
8888,6,6
8889,4,2
8890,6,6
8891,5,4
8892,5,1
8893,6,4
8894,6,6
8895,4,2
8896,5,1
8897,4,3
8898,6,5
8899,4,2
8900,6,4
8901,5,3
8902,5,5
8903,6,0
8904,6,5
8905,5,4
8906,4,4
8907,5,4
8908,6,1
8909,4,2
8910,6,3
8911,4,0
8912,5,0
8913,4,0
8914,6,0
8915,5,2
8916,5,5
8917,5,3
8918,4,3
8919,6,2
8920,4,3
8921,6,4
8922,6,4
8923,4,4
8924,4,1
8925,5,4
8926,6,3
8927,6,4
8928,4,3
8929,6,6
8930,4,4
8931,4,4
8932,6,1
8933,6,2
8934,4,4
8935,4,4
8936,5,0
8937,5,1
8938,4,3
8939,6,1
8940,5,5
8941,4,4
8942,4,2
8943,6,6
8944,6,2
8945,6,3
8946,6,6
8947,5,3
8948,5,0
8949,6,4
8950,4,2
8951,4,4
8952,6,6
8953,6,4
8954,6,2
8955,6,2
8956,6,2
8957,6,2
8958,6,0
8959,6,6
8960,5,2
8961,5,3
8962,6,5
8963,5,4
8964,6,0
8965,6,2
8966,6,6
8967,6,6
8968,5,2
8969,6,4
8970,5,4
8971,5,3
8972,4,4
8973,6,2
8974,6,3
8975,4,4
8976,6,2
8977,4,4
8978,5,5
8979,4,4
8980,6,2
8981,4,4
8982,5,4
8983,4,4
8984,6,6
8985,6,6
8986,4,2
8987,6,5
8988,6,4
8989,6,0
8990,5,5
8991,6,3
8992,6,2
8993,6,2
8994,4,4
8995,6,1
8996,4,0
8997,6,0
8998,5,5
8999,6,6
9000,6,6
9001,6,6
9002,6,6
9003,4,1
9004,6,2
9005,4,0
9006,6,6
9007,4,2
9008,6,3
9009,5,2
9010,4,1
9011,6,6
9012,6,6
9013,5,5
9014,4,0
9015,6,6
9016,6,6
9017,4,2
9018,4,0
9019,4,4
9020,4,2
9021,6,6
9022,4,2
9023,6,2
9024,6,3
9025,6,6
9026,6,4
9027,4,4
9028,4,4
9029,6,5
9030,4,2
9031,6,6
9032,6,4
9033,5,2
9034,4,2
9035,4,2
9036,6,6
9037,6,4
9038,6,2
9039,5,2
9040,5,3
9041,5,3
9042,6,2
9043,4,3
9044,4,3
9045,4,3
9046,4,0
9047,6,6
9048,4,0
9049,5,3
9050,5,4
9051,6,0
9052,4,4
9053,6,3
9054,4,4
9055,4,2
9056,6,0
9057,6,6
9058,4,4
9059,6,6
9060,4,4
9061,5,5
9062,4,2
9063,4,2
9064,6,4
9065,6,6
9066,6,4
9067,6,4
9068,4,2
9069,6,4
9070,6,5
9071,5,4
9072,6,4
9073,5,3
9074,5,2
9075,4,0
9076,6,2
9077,6,6
9078,6,6
9079,5,4
9080,6,2
9081,6,6
9082,6,6
9083,4,2
9084,5,5
9085,4,2
9086,4,2
9087,4,0
9088,5,3
9089,6,6
9090,5,5
9091,6,3
9092,5,0
9093,6,0
9094,4,4
9095,5,5
9096,5,5
9097,4,2
9098,5,5
9099,6,6
9100,5,4
9101,5,5
9102,4,3
9103,6,5
9104,6,0
9105,6,6
9106,5,3
9107,6,3
9108,6,6
9109,4,2
9110,5,3
9111,5,3
9112,6,6
9113,6,3
9114,6,5
9115,6,5
9116,6,5
9117,5,1
9118,5,5
9119,6,5
9120,5,4
9121,6,5
9122,6,1
9123,6,0
9124,6,6
9125,4,1
9126,4,1
9127,6,6
9128,6,1
9129,5,5
9130,4,4
9131,6,6
9132,5,5
9133,5,3
9134,5,5
9135,6,5
9136,4,4
9137,6,2
9138,6,6
9139,6,6
9140,4,0
9141,6,6
9142,4,0
9143,6,4
9144,5,3
9145,6,5
9146,5,4
9147,6,1
9148,6,2
9149,6,1
9150,4,4
9151,6,6
9152,6,6
9153,4,0
9154,6,6
9155,6,6
9156,4,4
9157,4,2
9158,5,4
9159,5,0
9160,6,1
9161,4,1
9162,4,4
9163,4,0
9164,6,3
9165,6,1
9166,5,3
9167,6,5
9168,6,5
9169,4,3
9170,6,4
9171,4,2
9172,6,6
9173,6,6
9174,4,3
9175,6,4
9176,6,5
9177,6,2
9178,6,4
9179,5,2
9180,6,6
9181,4,2
9182,5,3
9183,5,5
9184,6,6
9185,4,4
9186,6,2
9187,6,1
9188,4,0
9189,4,3
9190,5,5
9191,6,0
9192,5,1
9193,4,3
9194,6,3
9195,5,1
9196,4,4
9197,6,4
9198,4,2
9199,6,6
9200,5,3
9201,6,2
9202,5,3
9203,6,6
9204,6,5
9205,4,2
9206,6,2
9207,6,6
9208,5,5
9209,6,1
9210,6,1
9211,6,4
9212,6,4
9213,4,2
9214,6,5
9215,6,2
9216,5,0
9217,4,2
9218,5,3
9219,4,2
9220,6,4
9221,6,0
9222,5,3
9223,6,6
9224,5,0
9225,4,0
9226,6,4
9227,6,0
9228,6,2
9229,6,4
9230,6,4
9231,6,5
9232,5,3
9233,6,5
9234,6,5
9235,6,4
9236,6,3
9237,6,2
9238,6,5
9239,4,1
9240,4,4
9241,6,5
9242,6,2
9243,5,3
9244,5,1
9245,5,4
9246,4,0
9247,5,3
9248,6,4
9249,6,5
9250,4,0
9251,6,3
9252,5,0
9253,6,4
9254,4,4
9255,6,5
9256,5,4
9257,4,4
9258,6,4
9259,6,4
9260,6,1
9261,4,2
9262,6,4
9263,5,1
9264,4,2
9265,6,6
9266,6,6
9267,4,4
9268,6,5
9269,5,4
9270,6,3
9271,6,4
9272,4,4
9273,6,4
9274,6,5
9275,6,6
9276,4,4
9277,4,3
9278,6,4
9279,5,2
9280,6,5
9281,4,0
9282,4,3
9283,4,0
9284,6,4
9285,6,5
9286,6,5
9287,5,4
9288,4,4
9289,6,5
9290,6,0
9291,5,4
9292,6,6
9293,4,3
9294,6,6
9295,4,2
9296,5,5
9297,4,2
9298,6,1
9299,4,3
9300,6,2
9301,5,5
9302,4,3
9303,6,4
9304,4,3
9305,5,3
9306,4,1
9307,4,4
9308,6,6
9309,5,4
9310,5,1
9311,5,0
9312,6,3
9313,6,1
9314,6,5
9315,5,0
9316,5,1
9317,6,6
9318,6,0
9319,6,6
9320,6,6
9321,5,4
9322,6,1
9323,5,5
9324,4,4
9325,4,4
9326,6,6
9327,6,3
9328,6,0
9329,6,6
9330,6,6
9331,4,2
9332,6,1
9333,6,6
9334,4,1
9335,4,0
9336,6,3
9337,5,2
9338,6,4
9339,5,1
9340,6,3
9341,6,6
9342,4,1
9343,6,6
9344,5,0
9345,6,5
9346,6,1
9347,4,4
9348,6,4
9349,4,2
9350,6,4
9351,6,2
9352,4,1
9353,6,6
9354,6,2
9355,6,0
9356,5,3
9357,4,4
9358,6,2
9359,4,4
9360,4,0
9361,4,3
9362,6,0
9363,6,3
9364,6,5
9365,5,5
9366,6,5
9367,6,6
9368,6,4
9369,5,5
9370,6,6
9371,4,4
9372,6,6
9373,6,2
9374,6,2
9375,5,3
9376,6,6
9377,6,3
9378,4,2
9379,4,2
9380,4,3
9381,4,4
9382,6,2
9383,5,1
9384,6,2
9385,6,6
9386,6,6
9387,6,6
9388,4,2
9389,6,1
9390,6,6
9391,4,1
9392,5,2
9393,5,5
9394,4,4
9395,4,4
9396,4,4
9397,4,0
9398,6,3
9399,5,2
9400,5,5
9401,6,2
9402,6,6
9403,5,5
9404,4,4
9405,4,0
9406,6,6
9407,4,2
9408,6,2
9409,4,4
9410,6,4
9411,4,2
9412,6,5
9413,6,4
9414,6,4
9415,6,4
9416,4,4
9417,5,0
9418,6,5
9419,6,4
9420,6,1
9421,6,4
9422,4,4
9423,6,6
9424,5,4
9425,6,4
9426,5,3
9427,6,1
9428,6,5
9429,6,4
9430,6,6
9431,6,3
9432,5,2
9433,4,4
9434,5,3
9435,6,6
9436,6,2
9437,4,4
9438,6,4
9439,4,4
9440,6,3
9441,4,0
9442,6,4
9443,4,0
9444,6,2
9445,5,3
9446,6,5
9447,6,2
9448,4,2
9449,4,1
9450,5,5
9451,5,4
9452,6,5
9453,4,2
9454,5,2
9455,6,4
9456,5,3
9457,6,6
9458,6,6
9459,6,6
9460,6,6
9461,4,0
9462,5,5
9463,6,6
9464,4,4
9465,6,5
9466,6,4
9467,4,3
9468,5,5
9469,6,6
9470,4,4
9471,5,1
9472,6,4
9473,5,4
9474,5,0
9475,6,1
9476,6,4
9477,6,5
9478,5,1
9479,5,3
9480,4,2
9481,6,2
9482,6,6
9483,5,3
9484,6,6
9485,6,6
9486,6,5
9487,5,2
9488,6,3
9489,5,1
9490,4,0
9491,6,4
9492,4,3
9493,4,4
9494,4,4
9495,6,4
9496,6,3
9497,6,3
9498,6,4
9499,6,5
9500,5,1
9501,5,5
9502,4,2
9503,5,3
9504,6,0
9505,5,5
9506,5,2
9507,6,5
9508,6,0
9509,6,0
9510,6,0
9511,4,0
9512,5,3
9513,6,5
9514,6,6
9515,6,0
9516,5,5
9517,6,4
9518,4,4
9519,4,3
9520,6,4
9521,5,2
9522,4,3
9523,4,4
9524,6,1
9525,5,3
9526,5,4
9527,6,6
9528,6,3
9529,4,1
9530,5,0
9531,6,0
9532,5,1
9533,5,0
9534,5,1
9535,4,1
9536,4,2
9537,6,4
9538,4,4
9539,5,3
9540,6,4
9541,4,4
9542,6,4
9543,5,1
9544,6,4
9545,6,6
9546,5,3
9547,4,2
9548,4,4
9549,6,1
9550,6,4
9551,6,6
9552,4,4
9553,6,3
9554,6,6
9555,4,4
9556,5,4
9557,4,2
9558,5,2
9559,6,6
9560,6,3
9561,5,3
9562,5,2
9563,5,5
9564,5,5
9565,6,0
9566,4,0
9567,5,4
9568,4,2
9569,4,0
9570,4,4
9571,4,3
9572,6,6
9573,6,4
9574,6,6
9575,5,5
9576,4,2
9577,6,2
9578,5,4
9579,6,3
9580,6,1
9581,5,0
9582,6,2
9583,4,2
9584,4,2
9585,6,3
9586,4,4
9587,4,0
9588,6,4
9589,5,5
9590,6,4
9591,4,3
9592,6,6
9593,6,6
9594,4,1
9595,4,2
9596,5,5
9597,4,1
9598,5,2
9599,6,5
9600,5,3
9601,6,5
9602,4,4
9603,6,5
9604,4,4
9605,5,0
9606,4,4
9607,6,4
9608,4,0
9609,6,6
9610,6,2
9611,5,5
9612,5,4
9613,6,6
9614,6,4
9615,4,4
9616,5,5
9617,6,4
9618,4,4
9619,4,4
9620,4,0
9621,6,5
9622,4,4
9623,4,1
9624,6,2
9625,4,1
9626,4,4
9627,4,2
9628,6,3
9629,4,4
9630,4,2
9631,4,1
9632,4,3
9633,6,4
9634,4,2
9635,6,2
9636,4,3
9637,6,6
9638,6,4
9639,6,4
9640,4,0
9641,6,6
9642,6,6
9643,6,3
9644,5,4
9645,6,4
9646,6,6
9647,5,3
9648,4,2
9649,6,0
9650,6,6
9651,4,2
9652,6,5
9653,4,2
9654,4,1
9655,6,6
9656,6,3
9657,4,2
9658,6,2
9659,4,4
9660,6,6
9661,6,4
9662,6,6
9663,4,4
9664,6,1
9665,4,4
9666,6,0
9667,4,4
9668,4,4
9669,6,3
9670,5,4
9671,5,5
9672,4,3
9673,6,6
9674,6,2
9675,4,2
9676,5,5
9677,4,3
9678,4,4
9679,4,4
9680,4,2
9681,5,5
9682,4,3
9683,4,2
9684,6,3
9685,4,2
9686,6,3
9687,6,4
9688,5,3
9689,6,1
9690,6,3
9691,5,4
9692,5,2
9693,4,0
9694,5,5
9695,4,2
9696,4,2
9697,5,4
9698,5,5
9699,6,1
9700,4,4
9701,4,1
9702,4,2
9703,6,2
9704,6,4
9705,4,4
9706,5,1
9707,4,0
9708,4,2
9709,4,4
9710,4,3
9711,4,1
9712,4,0
9713,4,4
9714,4,2
9715,6,6
9716,6,4
9717,6,6
9718,6,5
9719,4,4
9720,4,1
9721,6,6
9722,6,5
9723,6,1
9724,4,4
9725,4,2
9726,4,0
9727,5,2
9728,6,6
9729,6,0
9730,6,2
9731,6,2
9732,4,1
9733,4,3
9734,6,3
9735,6,4
9736,6,5
9737,4,4
9738,6,6
9739,6,4
9740,5,1
9741,5,0
9742,6,6
9743,4,4
9744,6,3
9745,6,1
9746,6,6
9747,5,2
9748,4,3
9749,4,0
9750,5,1
9751,4,0
9752,6,2
9753,5,3
9754,5,4
9755,5,4
9756,4,1
9757,5,3
9758,4,1
9759,6,1
9760,6,4
9761,4,2
9762,5,5
9763,4,0
9764,6,5
9765,6,1
9766,4,0
9767,4,2
9768,5,5
9769,4,1
9770,6,2
9771,6,0
9772,4,2
9773,4,4
9774,6,2
9775,5,2
9776,6,6
9777,5,3
9778,5,5
9779,5,0
9780,6,5
9781,4,2
9782,4,3
9783,6,4
9784,6,5
9785,4,4
9786,6,6
9787,6,5
9788,5,3
9789,4,2
9790,4,2
9791,5,0
9792,4,0
9793,6,5
9794,6,6
9795,6,6
9796,6,4
9797,4,1
9798,6,3
9799,6,6
9800,4,4
9801,6,6
9802,6,3
9803,6,2
9804,6,6
9805,6,1
9806,6,3
9807,6,6
9808,4,4
9809,4,4
9810,6,3
9811,4,3
9812,6,5
9813,6,5
9814,6,3
9815,4,1
9816,4,0
9817,5,3
9818,5,3
9819,4,4
9820,4,1
9821,5,3
9822,6,6
9823,5,5
9824,6,4
9825,6,5
9826,4,4
9827,6,6
9828,6,2
9829,5,0
9830,4,0
9831,6,2
9832,4,3
9833,6,3
9834,4,3
9835,6,6
9836,5,1
9837,6,6
9838,6,4
9839,4,2
9840,4,4
9841,6,5
9842,4,4
9843,4,2
9844,5,5
9845,6,5
9846,6,4
9847,6,1
9848,6,6
9849,6,5
9850,5,4
9851,6,4
9852,5,2
9853,6,0
9854,6,5
9855,4,1
9856,4,4
9857,6,4
9858,6,2
9859,4,4
9860,6,1
9861,6,6
9862,4,4
9863,5,3
9864,4,4
9865,4,4
9866,4,4
9867,6,2
9868,4,3
9869,6,4
9870,6,5
9871,4,4
9872,5,3
9873,6,6
9874,6,2
9875,6,4
9876,5,5
9877,6,0
9878,5,1
9879,6,4
9880,4,2
9881,6,2
9882,6,0
9883,6,6
9884,6,1
9885,6,4
9886,6,4
9887,4,4
9888,6,1
9889,4,1
9890,4,0
9891,5,1
9892,5,1
9893,5,2
9894,5,5
9895,5,5
9896,6,1
9897,4,4
9898,6,6
9899,6,4
9900,6,5
9901,6,2
9902,6,4
9903,5,4
9904,4,2
9905,6,4
9906,6,6
9907,4,4
9908,6,6
9909,4,2
9910,5,3
9911,6,6
9912,4,4
9913,6,1
9914,4,0
9915,4,2
9916,6,2
9917,4,2
9918,6,0
9919,6,6
9920,4,2
9921,6,1
9922,6,6
9923,5,5
9924,6,2
9925,4,4
9926,6,5
9927,6,3
9928,6,3
9929,6,6
9930,4,1
9931,5,3
9932,6,4
9933,5,5
9934,4,4
9935,4,4
9936,5,2
9937,6,6
9938,6,3
9939,4,2
9940,5,2
9941,6,5
9942,6,2
9943,5,5
9944,6,5
9945,6,6
9946,5,1
9947,4,1
9948,6,2
9949,6,5
9950,6,6
9951,4,4
9952,4,4
9953,4,2
9954,6,6
9955,6,5
9956,6,6
9957,6,6
9958,4,0
9959,4,4
9960,6,4
9961,6,4
9962,4,1
9963,6,3
9964,6,3
9965,6,6
9966,6,4
9967,4,4
9968,6,2
9969,5,5
9970,4,4
9971,4,2
9972,6,4
9973,5,5
9974,6,4
9975,4,1
9976,5,5
9977,6,4
9978,4,2
9979,6,0
9980,4,4
9981,6,4
9982,5,4
9983,6,6
9984,4,2
9985,6,4
9986,6,6
9987,6,2
9988,4,4
9989,6,5
9990,6,5
9991,5,5
9992,5,5
9993,5,2
9994,6,6
9995,5,5
9996,6,5
9997,6,5
9998,5,3
9999,6,0
