,DAG,KD
0,6,6
1,6,6
2,6,6
3,7,3
4,6,2
5,6,6
6,6,4
7,6,6
8,6,2
9,6,6
10,7,3
11,6,6
12,6,6
13,6,5
14,6,4
15,8,5
16,7,7
17,6,6
18,6,6
19,6,6
20,6,4
21,6,0
22,7,5
23,6,6
24,7,2
25,6,4
26,6,0
27,6,2
28,6,4
29,6,6
30,6,6
31,6,6
32,6,6
33,6,6
34,7,6
35,6,6
36,6,4
37,7,4
38,6,4
39,6,6
40,6,6
41,6,5
42,6,4
43,6,6
44,6,1
45,7,1
46,7,5
47,6,2
48,6,5
49,6,3
50,6,0
51,8,3
52,6,6
53,6,5
54,6,2
55,6,6
56,6,4
57,7,2
58,6,3
59,6,6
60,6,2
61,6,2
62,6,6
63,6,5
64,7,5
65,7,7
66,6,4
67,6,4
68,6,1
69,6,6
70,6,3
71,6,3
72,6,6
73,6,3
74,6,4
75,6,2
76,6,5
77,6,4
78,6,3
79,6,4
80,6,2
81,6,6
82,6,6
83,6,1
84,6,6
85,6,3
86,6,5
87,6,4
88,6,4
89,6,3
90,6,5
91,6,4
92,7,5
93,7,6
94,6,6
95,6,5
96,6,4
97,6,2
98,7,7
99,6,4
100,7,5
101,6,2
102,6,5
103,6,4
104,6,0
105,6,4
106,6,4
107,6,6
108,6,5
109,6,0
110,7,6
111,6,6
112,6,4
113,6,3
114,6,2
115,6,3
116,6,4
117,6,0
118,6,5
119,6,2
120,6,5
121,6,5
122,6,3
123,6,1
124,8,4
125,6,5
126,7,3
127,6,6
128,6,2
129,6,1
130,6,6
131,6,5
132,6,5
133,6,4
134,6,3
135,6,5
136,6,4
137,7,2
138,6,6
139,6,5
140,6,5
141,6,2
142,6,4
143,6,0
144,6,2
145,7,1
146,6,1
147,6,6
148,6,4
149,7,7
150,6,0
151,6,4
152,6,2
153,6,6
154,6,6
155,6,6
156,7,1
157,6,6
158,6,2
159,6,0
160,6,6
161,6,5
162,6,6
163,6,4
164,6,3
165,6,4
166,6,3
167,6,0
168,6,4
169,6,5
170,7,3
171,6,1
172,6,5
173,6,5
174,6,6
175,8,8
176,6,4
177,6,3
178,6,6
179,6,5
180,6,6
181,6,5
182,6,1
183,6,1
184,6,4
185,6,4
186,6,3
187,6,4
188,6,2
189,6,0
190,6,4
191,6,6
192,6,6
193,6,6
194,7,6
195,7,4
196,6,4
197,6,4
198,6,2
199,7,7
200,6,2
201,6,3
202,7,4
203,6,5
204,8,4
205,6,5
206,6,3
207,6,6
208,6,2
209,6,0
210,6,4
211,7,4
212,6,3
213,6,1
214,6,4
215,6,6
216,6,1
217,6,5
218,6,4
219,6,6
220,6,4
221,6,5
222,6,6
223,6,5
224,6,6
225,6,2
226,6,6
227,7,6
228,6,6
229,6,4
230,6,4
231,6,6
232,6,5
233,6,3
234,6,2
235,6,4
236,6,6
237,6,5
238,6,2
239,6,3
240,6,2
241,6,4
242,6,1
243,6,0
244,6,6
245,6,4
246,6,6
247,6,5
248,6,4
249,6,4
250,6,6
251,6,6
252,6,6
253,7,7
254,7,6
255,6,6
256,6,5
257,6,4
258,7,7
259,6,6
260,6,2
261,6,0
262,7,7
263,6,5
264,6,4
265,6,2
266,6,4
267,6,5
268,6,6
269,6,4
270,6,2
271,6,6
272,6,5
273,6,6
274,8,5
275,6,3
276,6,6
277,6,0
278,6,2
279,6,4
280,6,6
281,6,4
282,6,5
283,7,3
284,6,4
285,6,3
286,6,4
287,6,5
288,6,5
289,6,4
290,7,7
291,6,1
292,6,0
293,6,4
294,6,4
295,7,6
296,6,2
297,6,6
298,6,2
299,7,7
300,6,3
301,6,4
302,8,4
303,6,5
304,6,5
305,6,4
306,6,0
307,6,4
308,6,6
309,8,7
310,6,6
311,6,1
312,6,6
313,7,3
314,6,2
315,6,4
316,6,4
317,6,5
318,6,6
319,6,4
320,6,2
321,6,6
322,6,2
323,6,6
324,6,6
325,6,0
326,7,7
327,6,4
328,6,3
329,6,4
330,6,6
331,6,4
332,7,4
333,6,2
334,6,5
335,6,6
336,6,5
337,6,3
338,6,0
339,6,6
340,6,3
341,6,6
342,6,4
343,6,4
344,6,6
345,6,6
346,7,3
347,6,5
348,7,0
349,6,2
350,6,2
351,6,6
352,6,3
353,6,6
354,7,4
355,6,6
356,6,5
357,6,6
358,6,0
359,6,5
360,6,0
361,6,4
362,6,6
363,6,6
364,6,4
365,6,2
366,6,6
367,6,2
368,6,3
369,6,6
370,6,6
371,6,2
372,6,1
373,6,6
374,7,0
375,6,3
376,6,5
377,6,4
378,6,5
379,6,4
380,6,6
381,6,2
382,6,4
383,6,3
384,6,6
385,6,6
386,6,4
387,6,4
388,6,6
389,6,4
390,6,2
391,6,1
392,6,6
393,6,5
394,7,6
395,6,4
396,6,0
397,6,5
398,6,0
399,6,6
400,6,4
401,6,1
402,6,3
403,6,3
404,6,6
405,6,1
406,6,3
407,6,1
408,6,1
409,6,5
410,6,4
411,6,6
412,6,5
413,6,6
414,6,6
415,6,6
416,6,6
417,6,6
418,6,4
419,6,6
420,6,6
421,7,5
422,6,0
423,6,4
424,6,1
425,6,6
426,6,4
427,6,5
428,6,1
429,6,5
430,6,6
431,7,2
432,6,5
433,6,6
434,6,6
435,6,3
436,6,5
437,6,4
438,6,3
439,6,4
440,7,7
441,6,3
442,7,5
443,6,2
444,6,4
445,6,4
446,6,4
447,6,3
448,6,3
449,6,6
450,6,3
451,6,4
452,6,6
453,6,5
454,6,4
455,6,4
456,6,2
457,6,6
458,6,6
459,6,0
460,6,6
461,6,2
462,6,6
463,6,0
464,6,2
465,6,3
466,6,5
467,6,2
468,6,3
469,6,4
470,7,4
471,6,1
472,6,6
473,6,3
474,6,6
475,6,4
476,6,2
477,6,6
478,6,5
479,6,4
480,6,6
481,6,6
482,6,3
483,6,0
484,6,6
485,6,4
486,7,4
487,6,4
488,6,4
489,7,7
490,6,2
491,7,3
492,6,4
493,7,1
494,7,5
495,6,4
496,6,2
497,6,6
498,6,4
499,6,6
500,7,5
501,6,1
502,7,2
503,6,4
504,6,6
505,6,6
506,8,2
507,7,5
508,7,7
509,6,2
510,6,1
511,6,5
512,6,6
513,7,0
514,7,0
515,6,0
516,6,6
517,8,7
518,6,0
519,7,3
520,6,1
521,6,6
522,6,2
523,6,4
524,6,6
525,6,6
526,6,6
527,6,2
528,6,4
529,7,1
530,7,7
531,8,1
532,6,5
533,6,4
534,6,5
535,6,2
536,6,6
537,6,4
538,7,5
539,6,0
540,6,3
541,6,5
542,6,2
543,7,6
544,6,3
545,6,0
546,6,5
547,6,4
548,6,3
549,6,4
550,6,5
551,6,6
552,6,3
553,6,0
554,6,4
555,6,0
556,6,4
557,6,1
558,6,2
559,6,4
560,6,1
561,6,4
562,6,4
563,6,6
564,7,6
565,6,2
566,6,1
567,6,6
568,6,2
569,6,4
570,7,3
571,6,5
572,6,6
573,6,3
574,6,2
575,7,7
576,7,5
577,6,6
578,6,6
579,6,2
580,6,2
581,6,2
582,7,5
583,6,4
584,6,6
585,6,6
586,6,6
587,6,6
588,6,5
589,6,3
590,6,0
591,6,6
592,6,6
593,6,5
594,6,4
595,7,7
596,6,5
597,6,3
598,6,2
599,6,6
600,6,5
601,6,6
602,6,4
603,6,6
604,6,4
605,6,2
606,6,0
607,7,6
608,6,3
609,6,6
610,6,3
611,6,2
612,6,2
613,6,5
614,6,6
615,6,4
616,6,1
617,6,5
618,6,6
619,6,4
620,6,6
621,6,6
622,8,2
623,6,2
624,7,5
625,6,4
626,6,4
627,6,3
628,6,6
629,6,6
630,6,4
631,6,0
632,6,4
633,6,6
634,6,6
635,6,3
636,6,5
637,6,4
638,6,3
639,6,6
640,6,5
641,7,7
642,7,6
643,6,5
644,6,2
645,6,1
646,6,6
647,6,6
648,6,2
649,6,6
650,7,6
651,7,1
652,7,5
653,6,2
654,7,3
655,6,6
656,6,3
657,6,3
658,6,1
659,6,3
660,6,4
661,6,5
662,6,5
663,6,6
664,6,3
665,6,4
666,6,0
667,6,6
668,6,6
669,6,5
670,6,0
671,7,7
672,6,4
673,6,1
674,6,3
675,6,1
676,6,6
677,6,6
678,6,6
679,6,5
680,7,3
681,6,6
682,6,3
683,6,6
684,7,3
685,6,4
686,6,0
687,6,4
688,6,6
689,6,4
690,6,5
691,6,0
692,6,5
693,6,6
694,6,3
695,6,6
696,6,2
697,6,4
698,8,2
699,6,5
700,7,4
701,7,3
702,6,6
703,6,0
704,6,6
705,6,1
706,6,6
707,6,1
708,6,4
709,6,6
710,6,2
711,6,5
712,7,5
713,6,3
714,6,4
715,6,4
716,6,6
717,6,1
718,6,4
719,6,2
720,6,4
721,6,4
722,6,0
723,6,6
724,6,4
725,6,6
726,7,7
727,7,3
728,6,2
729,6,4
730,6,0
731,6,6
732,6,6
733,6,4
734,6,2
735,6,6
736,6,6
737,6,2
738,6,2
739,7,5
740,6,5
741,6,6
742,6,1
743,6,3
744,6,6
745,7,5
746,6,0
747,7,3
748,6,6
749,6,6
750,6,4
751,6,6
752,6,3
753,6,6
754,6,0
755,7,5
756,6,6
757,6,6
758,6,2
759,6,6
760,6,3
761,6,3
762,6,2
763,6,6
764,6,4
765,6,5
766,6,0
767,6,6
768,6,3
769,6,1
770,7,3
771,6,6
772,6,0
773,6,2
774,6,6
775,6,4
776,6,6
777,6,6
778,6,3
779,7,5
780,6,4
781,6,3
782,6,6
783,6,3
784,6,0
785,6,3
786,6,2
787,6,5
788,6,6
789,6,6
790,6,2
791,6,4
792,7,6
793,6,1
794,6,1
795,6,4
796,6,2
797,6,3
798,6,0
799,6,2
800,6,3
801,6,2
802,6,4
803,7,7
804,6,6
805,6,3
806,6,2
807,6,4
808,6,6
809,6,6
810,6,4
811,6,2
812,7,0
813,6,2
814,6,0
815,6,3
816,6,2
817,6,1
818,6,6
819,6,1
820,6,3
821,6,4
822,6,2
823,6,2
824,7,2
825,6,6
826,6,4
827,6,4
828,6,6
829,7,7
830,6,1
831,6,3
832,6,6
833,7,7
834,7,5
835,7,3
836,6,5
837,6,2
838,6,6
839,7,7
840,7,3
841,6,0
842,6,0
843,6,6
844,6,5
845,7,7
846,6,4
847,6,5
848,6,6
849,6,4
850,6,3
851,6,6
852,7,2
853,6,6
854,6,3
855,6,6
856,6,5
857,6,2
858,6,6
859,6,2
860,6,2
861,6,6
862,6,4
863,6,4
864,6,5
865,6,4
866,7,1
867,6,3
868,6,2
869,6,2
870,6,6
871,7,7
872,6,4
873,8,6
874,6,6
875,6,3
876,6,6
877,7,7
878,6,2
879,6,6
880,6,6
881,6,5
882,6,6
883,6,6
884,6,2
885,6,6
886,6,3
887,6,4
888,6,4
889,6,6
890,6,6
891,6,2
892,6,6
893,6,4
894,6,5
895,6,4
896,6,5
897,7,6
898,7,3
899,6,2
900,6,4
901,6,4
902,6,5
903,7,1
904,6,6
905,6,2
906,6,6
907,6,4
908,6,2
909,6,6
910,6,6
911,6,4
912,6,4
913,6,1
914,6,6
915,6,6
916,7,7
917,6,6
918,6,4
919,6,4
920,6,4
921,6,4
922,6,0
923,6,3
924,6,5
925,6,4
926,6,6
927,6,6
928,6,5
929,6,6
930,6,6
931,6,6
932,6,2
933,6,5
934,6,6
935,6,4
936,7,6
937,6,5
938,6,3
939,6,4
940,6,4
941,6,2
942,6,0
943,6,2
944,6,6
945,6,1
946,6,1
947,6,4
948,7,4
949,6,1
950,6,5
951,6,4
952,6,1
953,6,6
954,6,4
955,6,6
956,6,5
957,6,6
958,6,5
959,6,6
960,6,6
961,6,1
962,6,3
963,7,5
964,6,6
965,6,2
966,7,4
967,6,0
968,7,6
969,7,2
970,6,6
971,6,1
972,7,2
973,6,6
974,6,2
975,6,4
976,6,6
977,8,3
978,8,6
979,6,6
980,6,3
981,6,5
982,6,4
983,6,3
984,6,6
985,6,4
986,6,0
987,6,4
988,6,5
989,6,6
990,6,4
991,6,0
992,6,1
993,6,4
994,6,5
995,6,2
996,6,4
997,6,6
998,6,4
999,6,2
1000,6,6
1001,6,6
1002,6,6
1003,6,4
1004,6,1
1005,6,5
1006,6,1
1007,6,2
1008,6,4
1009,6,5
1010,6,0
1011,7,7
1012,6,5
1013,7,5
1014,6,1
1015,6,4
1016,8,3
1017,6,6
1018,6,4
1019,6,1
1020,7,5
1021,6,1
1022,6,3
1023,6,0
1024,6,1
1025,6,3
1026,6,4
1027,6,2
1028,6,2
1029,6,0
1030,6,6
1031,6,5
1032,6,3
1033,6,3
1034,6,4
1035,6,6
1036,6,6
1037,6,5
1038,6,2
1039,6,1
1040,8,0
1041,6,4
1042,6,4
1043,6,4
1044,8,8
1045,6,4
1046,6,4
1047,6,2
1048,6,6
1049,6,4
1050,6,6
1051,6,2
1052,6,4
1053,6,1
1054,7,6
1055,7,5
1056,6,4
1057,6,6
1058,6,0
1059,6,6
1060,6,6
1061,6,2
1062,6,4
1063,6,5
1064,6,5
1065,6,6
1066,7,4
1067,7,5
1068,6,0
1069,6,4
1070,6,2
1071,6,1
1072,6,5
1073,6,6
1074,7,1
1075,7,6
1076,6,4
1077,6,6
1078,7,0
1079,6,2
1080,6,5
1081,6,5
1082,6,0
1083,6,2
1084,6,6
1085,7,5
1086,6,1
1087,7,1
1088,6,6
1089,6,5
1090,6,5
1091,6,2
1092,6,6
1093,6,4
1094,7,1
1095,6,6
1096,6,6
1097,7,4
1098,6,6
1099,6,5
1100,6,4
1101,6,4
1102,6,3
1103,6,0
1104,7,6
1105,7,7
1106,6,4
1107,6,6
1108,6,6
1109,6,4
1110,6,2
1111,6,2
1112,6,4
1113,6,4
1114,6,3
1115,6,6
1116,6,3
1117,6,1
1118,6,4
1119,6,4
1120,6,4
1121,6,4
1122,6,4
1123,6,3
1124,6,2
1125,6,3
1126,6,3
1127,6,4
1128,6,3
1129,6,6
1130,6,6
1131,6,6
1132,6,5
1133,7,7
1134,7,4
1135,6,4
1136,6,6
1137,6,3
1138,6,6
1139,6,4
1140,6,0
1141,6,6
1142,6,5
1143,6,4
1144,6,6
1145,6,3
1146,6,6
1147,6,2
1148,6,2
1149,6,2
1150,6,6
1151,6,2
1152,6,6
1153,6,5
1154,6,4
1155,6,6
1156,6,4
1157,6,5
1158,6,5
1159,7,6
1160,6,3
1161,7,3
1162,6,6
1163,6,1
1164,6,6
1165,6,4
1166,6,3
1167,6,6
1168,6,6
1169,6,3
1170,6,2
1171,6,5
1172,6,5
1173,7,3
1174,6,4
1175,6,4
1176,6,2
1177,7,6
1178,6,2
1179,6,6
1180,6,6
1181,6,4
1182,6,6
1183,6,4
1184,6,4
1185,7,6
1186,6,6
1187,6,4
1188,7,6
1189,6,6
1190,6,6
1191,6,4
1192,6,3
1193,6,3
1194,6,6
1195,6,3
1196,7,2
1197,6,0
1198,6,5
1199,6,6
1200,6,6
1201,6,0
1202,6,4
1203,6,4
1204,6,6
1205,6,5
1206,6,5
1207,6,6
1208,6,5
1209,6,6
1210,6,4
1211,6,6
1212,6,4
1213,6,6
1214,6,0
1215,6,2
1216,7,6
1217,6,5
1218,6,6
1219,6,1
1220,6,4
1221,6,3
1222,6,6
1223,6,0
1224,6,3
1225,6,5
1226,6,4
1227,6,6
1228,6,6
1229,6,3
1230,6,6
1231,6,4
1232,6,4
1233,6,6
1234,6,6
1235,6,6
1236,6,5
1237,6,2
1238,6,1
1239,6,2
1240,6,6
1241,6,1
1242,6,2
1243,6,2
1244,6,6
1245,6,2
1246,6,0
1247,7,7
1248,7,4
1249,6,6
1250,7,0
1251,7,6
1252,6,6
1253,6,6
1254,6,6
1255,6,1
1256,7,7
1257,6,5
1258,6,6
1259,6,6
1260,6,4
1261,6,5
1262,6,5
1263,6,6
1264,6,1
1265,6,4
1266,7,5
1267,6,4
1268,6,4
1269,6,6
1270,6,2
1271,6,6
1272,8,5
1273,6,1
1274,6,5
1275,6,6
1276,6,2
1277,6,2
1278,6,2
1279,6,2
1280,6,5
1281,7,2
1282,6,6
1283,6,0
1284,6,4
1285,7,4
1286,7,4
1287,6,0
1288,7,7
1289,6,4
1290,6,5
1291,6,4
1292,6,2
1293,6,6
1294,6,2
1295,6,3
1296,6,5
1297,6,4
1298,6,5
1299,6,2
1300,6,5
1301,6,2
1302,6,2
1303,6,2
1304,6,6
1305,6,5
1306,7,3
1307,6,4
1308,6,2
1309,6,5
1310,6,3
1311,6,4
1312,6,5
1313,6,6
1314,6,5
1315,7,0
1316,6,4
1317,6,6
1318,6,6
1319,6,6
1320,6,0
1321,6,6
1322,6,4
1323,6,4
1324,6,3
1325,6,3
1326,6,3
1327,6,3
1328,6,4
1329,6,2
1330,6,3
1331,7,3
1332,7,3
1333,6,1
1334,6,6
1335,6,6
1336,7,5
1337,6,2
1338,7,7
1339,6,0
1340,6,6
1341,6,3
1342,6,4
1343,6,0
1344,6,6
1345,6,3
1346,6,6
1347,6,0
1348,6,6
1349,6,4
1350,6,5
1351,6,5
1352,6,6
1353,7,3
1354,6,6
1355,6,2
1356,6,6
1357,6,6
1358,6,6
1359,6,6
1360,6,0
1361,6,6
1362,6,4
1363,6,2
1364,7,5
1365,8,6
1366,6,0
1367,6,6
1368,6,4
1369,6,6
1370,6,5
1371,6,0
1372,6,6
1373,6,3
1374,6,5
1375,6,4
1376,7,4
1377,6,4
1378,6,5
1379,6,2
1380,6,6
1381,6,4
1382,6,2
1383,6,6
1384,6,1
1385,6,4
1386,6,5
1387,8,6
1388,6,4
1389,7,6
1390,6,3
1391,6,6
1392,6,6
1393,6,6
1394,7,6
1395,6,1
1396,6,4
1397,6,6
1398,6,6
1399,6,4
1400,6,6
1401,7,3
1402,6,6
1403,6,6
1404,6,5
1405,6,6
1406,6,2
1407,6,4
1408,6,2
1409,6,6
1410,6,5
1411,7,7
1412,7,7
1413,7,7
1414,6,6
1415,6,2
1416,6,4
1417,7,6
1418,6,0
1419,6,6
1420,6,6
1421,7,6
1422,6,3
1423,7,6
1424,6,6
1425,6,6
1426,6,3
1427,6,2
1428,6,0
1429,6,5
1430,6,3
1431,6,6
1432,6,4
1433,6,2
1434,6,2
1435,6,6
1436,6,6
1437,6,3
1438,7,2
1439,8,8
1440,7,1
1441,6,5
1442,6,6
1443,6,2
1444,6,3
1445,6,6
1446,6,4
1447,6,3
1448,6,4
1449,6,3
1450,6,5
1451,6,4
1452,6,6
1453,6,3
1454,8,3
1455,6,1
1456,6,6
1457,6,2
1458,6,4
1459,6,5
1460,6,4
1461,6,4
1462,7,3
1463,6,3
1464,6,0
1465,6,6
1466,6,4
1467,6,5
1468,6,0
1469,6,0
1470,6,5
1471,6,2
1472,6,6
1473,7,6
1474,6,3
1475,6,4
1476,6,4
1477,6,2
1478,6,4
1479,6,5
1480,6,5
1481,6,2
1482,6,6
1483,6,0
1484,6,4
1485,6,6
1486,6,4
1487,6,5
1488,6,4
1489,6,6
1490,6,5
1491,7,7
1492,7,2
1493,7,3
1494,6,4
1495,6,5
1496,6,6
1497,6,5
1498,7,3
1499,7,5
1500,6,2
1501,7,6
1502,6,5
1503,6,4
1504,7,4
1505,6,5
1506,6,6
1507,6,0
1508,6,5
1509,6,6
1510,6,6
1511,6,6
1512,6,6
1513,6,2
1514,6,6
1515,6,6
1516,6,6
1517,6,3
1518,6,6
1519,7,6
1520,6,6
1521,7,5
1522,6,2
1523,6,6
1524,6,4
1525,6,3
1526,6,0
1527,6,6
1528,6,6
1529,6,5
1530,6,4
1531,6,6
1532,6,2
1533,6,5
1534,6,3
1535,6,6
1536,6,6
1537,7,2
1538,6,2
1539,6,1
1540,7,6
1541,6,6
1542,6,4
1543,6,6
1544,6,5
1545,6,2
1546,6,6
1547,6,2
1548,6,1
1549,6,2
1550,6,6
1551,6,6
1552,6,6
1553,6,2
1554,6,4
1555,6,3
1556,6,4
1557,6,3
1558,7,5
1559,6,6
1560,7,3
1561,6,5
1562,6,6
1563,6,4
1564,6,6
1565,6,4
1566,6,4
1567,6,4
1568,6,6
1569,6,1
1570,6,3
1571,6,6
1572,6,6
1573,6,6
1574,7,4
1575,6,6
1576,6,0
1577,6,3
1578,6,6
1579,6,6
1580,6,6
1581,6,5
1582,6,6
1583,6,5
1584,6,4
1585,6,2
1586,6,0
1587,6,6
1588,6,3
1589,6,2
1590,6,3
1591,7,3
1592,6,6
1593,6,3
1594,6,2
1595,6,4
1596,6,6
1597,6,0
1598,6,0
1599,6,3
1600,6,4
1601,6,6
1602,6,6
1603,6,3
1604,6,3
1605,6,0
1606,6,4
1607,6,4
1608,6,0
1609,6,3
1610,6,4
1611,6,6
1612,6,4
1613,6,4
1614,6,6
1615,6,5
1616,6,3
1617,6,6
1618,6,1
1619,6,0
1620,6,4
1621,6,4
1622,6,4
1623,6,2
1624,6,1
1625,6,2
1626,6,6
1627,6,2
1628,6,6
1629,6,0
1630,6,3
1631,6,3
1632,6,6
1633,6,6
1634,6,4
1635,6,2
1636,6,4
1637,8,4
1638,7,7
1639,6,5
1640,6,6
1641,7,3
1642,6,2
1643,6,6
1644,6,5
1645,6,6
1646,6,4
1647,6,6
1648,6,4
1649,6,3
1650,6,5
1651,6,6
1652,6,1
1653,6,5
1654,6,6
1655,6,5
1656,7,5
1657,6,0
1658,6,6
1659,7,5
1660,7,5
1661,6,6
1662,6,4
1663,6,6
1664,6,6
1665,6,3
1666,6,2
1667,6,3
1668,6,6
1669,6,5
1670,7,3
1671,7,7
1672,6,6
1673,6,6
1674,6,6
1675,6,3
1676,6,4
1677,6,3
1678,6,6
1679,6,4
1680,6,4
1681,6,6
1682,6,2
1683,6,6
1684,6,0
1685,6,4
1686,8,6
1687,6,6
1688,6,4
1689,6,3
1690,6,4
1691,6,1
1692,6,4
1693,6,6
1694,6,6
1695,6,6
1696,6,6
1697,6,6
1698,6,2
1699,6,3
1700,8,5
1701,6,4
1702,6,5
1703,6,4
1704,6,2
1705,6,3
1706,6,6
1707,6,6
1708,6,5
1709,6,5
1710,6,6
1711,6,4
1712,6,6
1713,7,3
1714,6,6
1715,6,6
1716,6,4
1717,6,6
1718,6,3
1719,6,4
1720,7,2
1721,6,1
1722,6,6
1723,6,6
1724,7,4
1725,6,6
1726,6,2
1727,6,6
1728,6,6
1729,6,2
1730,6,0
1731,6,0
1732,6,6
1733,6,0
1734,6,2
1735,6,6
1736,6,6
1737,6,3
1738,6,2
1739,6,4
1740,7,6
1741,6,6
1742,6,6
1743,6,4
1744,7,1
1745,6,2
1746,7,0
1747,6,2
1748,6,4
1749,6,4
1750,6,3
1751,6,5
1752,6,2
1753,6,3
1754,6,4
1755,6,2
1756,6,1
1757,6,0
1758,6,6
1759,6,3
1760,6,6
1761,6,4
1762,6,5
1763,6,4
1764,6,1
1765,6,5
1766,6,6
1767,6,2
1768,6,5
1769,7,5
1770,8,8
1771,6,6
1772,6,4
1773,6,2
1774,6,6
1775,6,4
1776,6,4
1777,6,5
1778,6,4
1779,6,3
1780,6,2
1781,6,5
1782,6,6
1783,6,5
1784,6,2
1785,6,4
1786,6,0
1787,6,6
1788,6,0
1789,6,2
1790,6,4
1791,6,5
1792,6,6
1793,7,7
1794,8,6
1795,6,2
1796,6,0
1797,6,1
1798,6,1
1799,6,2
1800,6,3
1801,6,2
1802,6,4
1803,6,3
1804,6,2
1805,6,1
1806,6,0
1807,6,4
1808,6,5
1809,6,1
1810,6,3
1811,6,6
1812,6,4
1813,6,6
1814,6,1
1815,6,1
1816,6,4
1817,6,3
1818,7,2
1819,6,0
1820,6,6
1821,6,4
1822,6,5
1823,6,4
1824,6,6
1825,6,0
1826,6,4
1827,6,5
1828,7,1
1829,6,4
1830,7,7
1831,6,6
1832,6,3
1833,6,4
1834,6,6
1835,6,3
1836,6,5
1837,6,6
1838,6,4
1839,6,5
1840,6,1
1841,6,6
1842,6,4
1843,6,0
1844,6,5
1845,6,3
1846,7,5
1847,6,0
1848,6,6
1849,6,0
1850,6,2
1851,6,6
1852,6,4
1853,6,6
1854,6,2
1855,6,3
1856,6,4
1857,6,6
1858,7,7
1859,6,0
1860,7,5
1861,7,7
1862,6,4
1863,6,0
1864,6,3
1865,6,6
1866,7,5
1867,6,3
1868,6,6
1869,6,3
1870,6,6
1871,6,4
1872,6,6
1873,6,0
1874,6,6
1875,6,6
1876,6,6
1877,6,6
1878,6,6
1879,8,1
1880,6,3
1881,6,4
1882,6,6
1883,6,4
1884,6,3
1885,6,6
1886,6,6
1887,7,6
1888,6,6
1889,6,6
1890,6,0
1891,7,5
1892,6,5
1893,6,6
1894,6,2
1895,6,4
1896,6,3
1897,6,2
1898,6,6
1899,7,1
1900,6,6
1901,6,0
1902,6,2
1903,6,6
1904,6,6
1905,6,3
1906,6,4
1907,8,6
1908,6,5
1909,6,6
1910,6,6
1911,6,6
1912,7,2
1913,6,6
1914,6,2
1915,6,4
1916,6,3
1917,6,2
1918,6,4
1919,6,2
1920,6,5
1921,6,2
1922,6,3
1923,6,5
1924,6,1
1925,6,2
1926,6,0
1927,6,6
1928,6,3
1929,6,5
1930,6,6
1931,6,6
1932,6,4
1933,6,6
1934,6,6
1935,6,4
1936,6,4
1937,6,4
1938,6,6
1939,6,2
1940,6,4
1941,6,1
1942,6,3
1943,6,2
1944,6,5
1945,7,7
1946,6,2
1947,6,2
1948,6,4
1949,6,5
1950,6,6
1951,6,2
1952,6,6
1953,6,4
1954,6,5
1955,7,0
1956,6,6
1957,6,5
1958,6,5
1959,6,3
1960,7,4
1961,6,4
1962,6,4
1963,7,7
1964,6,4
1965,6,5
1966,7,7
1967,6,3
1968,6,4
1969,6,4
1970,6,6
1971,6,4
1972,6,2
1973,6,1
1974,6,4
1975,6,1
1976,6,6
1977,6,4
1978,6,6
1979,6,4
1980,6,6
1981,6,3
1982,6,2
1983,6,5
1984,6,5
1985,6,1
1986,7,7
1987,6,1
1988,6,4
1989,6,3
1990,6,6
1991,6,6
1992,6,4
1993,6,5
1994,7,4
1995,6,3
1996,6,2
1997,6,0
1998,6,6
1999,6,6
2000,7,7
2001,6,3
2002,6,3
2003,6,4
2004,6,2
2005,7,4
2006,6,6
2007,6,6
2008,6,5
2009,6,0
2010,6,5
2011,6,4
2012,7,4
2013,6,3
2014,6,2
2015,6,4
2016,7,3
2017,6,6
2018,6,4
2019,6,4
2020,6,2
2021,6,3
2022,6,2
2023,6,6
2024,6,6
2025,7,4
2026,7,4
2027,6,6
2028,6,5
2029,6,4
2030,6,5
2031,6,2
2032,6,1
2033,6,0
2034,7,4
2035,6,3
2036,6,1
2037,6,6
2038,6,3
2039,6,5
2040,6,6
2041,6,6
2042,6,3
2043,6,6
2044,6,1
2045,6,4
2046,6,2
2047,6,6
2048,6,4
2049,6,4
2050,6,3
2051,6,5
2052,6,6
2053,7,4
2054,6,5
2055,6,2
2056,6,6
2057,6,5
2058,6,5
2059,6,3
2060,6,3
2061,7,3
2062,6,0
2063,6,6
2064,6,4
2065,7,7
2066,6,2
2067,6,4
2068,8,7
2069,6,5
2070,6,2
2071,6,3
2072,6,6
2073,6,5
2074,6,1
2075,6,1
2076,6,6
2077,7,1
2078,7,3
2079,6,3
2080,6,6
2081,6,6
2082,6,4
2083,7,7
2084,6,2
2085,6,3
2086,6,2
2087,7,2
2088,6,0
2089,6,0
2090,6,6
2091,6,3
2092,6,4
2093,6,4
2094,6,2
2095,6,0
2096,6,3
2097,6,2
2098,6,6
2099,6,6
2100,6,6
2101,6,5
2102,6,5
2103,6,6
2104,6,5
2105,6,4
2106,7,3
2107,6,2
2108,8,5
2109,6,5
2110,6,1
2111,6,6
2112,6,6
2113,7,0
2114,6,4
2115,6,2
2116,6,2
2117,6,5
2118,6,6
2119,6,6
2120,6,6
2121,6,1
2122,6,0
2123,6,6
2124,6,3
2125,6,4
2126,6,5
2127,6,2
2128,6,1
2129,6,6
2130,6,4
2131,6,2
2132,6,0
2133,6,2
2134,6,4
2135,6,6
2136,6,4
2137,6,6
2138,6,6
2139,6,0
2140,6,2
2141,6,5
2142,6,6
2143,7,3
2144,6,2
2145,6,5
2146,6,4
2147,6,5
2148,6,1
2149,6,5
2150,6,0
2151,6,3
2152,6,5
2153,6,6
2154,7,0
2155,6,0
2156,6,6
2157,6,2
2158,6,2
2159,6,3
2160,6,6
2161,6,4
2162,6,4
2163,7,5
2164,6,4
2165,6,1
2166,6,6
2167,6,6
2168,6,3
2169,7,7
2170,8,8
2171,6,2
2172,6,6
2173,6,3
2174,6,6
2175,6,4
2176,6,2
2177,6,4
2178,6,1
2179,6,6
2180,6,1
2181,6,4
2182,6,5
2183,6,6
2184,6,4
2185,6,4
2186,6,4
2187,7,1
2188,6,6
2189,6,0
2190,6,6
2191,6,2
2192,6,6
2193,6,3
2194,6,4
2195,7,4
2196,6,0
2197,6,4
2198,6,4
2199,6,6
2200,7,4
2201,6,6
2202,8,5
2203,6,2
2204,6,4
2205,6,4
2206,6,6
2207,6,3
2208,6,6
2209,6,3
2210,6,3
2211,7,7
2212,6,5
2213,6,6
2214,6,1
2215,7,5
2216,6,2
2217,6,5
2218,6,6
2219,6,3
2220,7,3
2221,6,1
2222,6,4
2223,6,2
2224,6,2
2225,6,2
2226,6,5
2227,6,4
2228,7,2
2229,6,1
2230,6,6
2231,6,6
2232,6,0
2233,6,2
2234,7,1
2235,6,5
2236,6,6
2237,7,5
2238,6,5
2239,6,5
2240,6,3
2241,6,6
2242,6,4
2243,7,3
2244,6,6
2245,6,4
2246,6,6
2247,6,6
2248,6,5
2249,6,6
2250,6,6
2251,6,0
2252,6,4
2253,6,4
2254,6,6
2255,6,6
2256,6,3
2257,6,2
2258,6,0
2259,6,5
2260,6,4
2261,6,0
2262,6,5
2263,7,2
2264,6,5
2265,6,5
2266,6,3
2267,6,6
2268,6,1
2269,7,7
2270,6,6
2271,6,4
2272,6,6
2273,6,3
2274,6,6
2275,6,6
2276,6,4
2277,6,6
2278,6,3
2279,7,7
2280,6,4
2281,7,5
2282,6,6
2283,6,2
2284,6,5
2285,6,4
2286,6,3
2287,6,6
2288,6,6
2289,8,7
2290,6,3
2291,6,2
2292,6,2
2293,6,2
2294,6,2
2295,6,6
2296,6,6
2297,6,2
2298,6,2
2299,7,5
2300,6,6
2301,6,2
2302,6,2
2303,8,4
2304,6,3
2305,6,2
2306,6,5
2307,6,5
2308,6,4
2309,7,2
2310,7,5
2311,6,5
2312,6,6
2313,6,2
2314,6,6
2315,6,1
2316,7,7
2317,6,6
2318,6,2
2319,6,5
2320,6,3
2321,6,5
2322,6,6
2323,6,4
2324,7,3
2325,6,5
2326,6,4
2327,6,0
2328,6,2
2329,6,6
2330,6,0
2331,6,4
2332,6,4
2333,7,1
2334,6,2
2335,6,2
2336,6,0
2337,6,5
2338,6,4
2339,6,1
2340,6,6
2341,6,1
2342,6,5
2343,7,6
2344,6,6
2345,7,0
2346,6,4
2347,6,3
2348,6,6
2349,6,4
2350,6,6
2351,6,3
2352,6,4
2353,6,2
2354,7,5
2355,6,2
2356,6,4
2357,6,4
2358,7,3
2359,6,0
2360,6,4
2361,6,6
2362,6,2
2363,6,4
2364,6,6
2365,6,6
2366,6,6
2367,6,5
2368,6,2
2369,6,6
2370,6,4
2371,6,2
2372,6,2
2373,7,6
2374,7,6
2375,6,2
2376,6,6
2377,6,6
2378,6,5
2379,6,4
2380,7,5
2381,6,2
2382,6,2
2383,6,0
2384,7,6
2385,6,6
2386,7,4
2387,6,4
2388,6,6
2389,6,6
2390,7,5
2391,6,4
2392,6,6
2393,6,6
2394,6,2
2395,7,2
2396,6,6
2397,6,5
2398,6,4
2399,7,5
2400,6,4
2401,6,4
2402,6,6
2403,6,3
2404,6,6
2405,6,2
2406,6,2
2407,6,5
2408,6,6
2409,6,3
2410,6,4
2411,6,2
2412,6,6
2413,6,4
2414,6,6
2415,6,0
2416,6,5
2417,6,6
2418,6,6
2419,6,5
2420,7,2
2421,6,6
2422,7,4
2423,8,5
2424,6,0
2425,6,6
2426,6,6
2427,6,6
2428,6,5
2429,6,6
2430,6,2
2431,6,6
2432,6,5
2433,6,6
2434,6,6
2435,6,4
2436,7,5
2437,6,2
2438,6,6
2439,6,6
2440,6,0
2441,6,4
2442,6,4
2443,6,6
2444,6,0
2445,6,5
2446,6,4
2447,7,4
2448,6,6
2449,6,6
2450,6,4
2451,7,5
2452,6,4
2453,7,1
2454,6,3
2455,6,5
2456,6,3
2457,6,1
2458,6,2
2459,7,6
2460,6,4
2461,6,6
2462,6,4
2463,6,4
2464,6,2
2465,6,4
2466,6,6
2467,6,6
2468,6,2
2469,6,6
2470,7,7
2471,6,3
2472,6,0
2473,6,4
2474,6,6
2475,6,6
2476,7,5
2477,6,6
2478,6,6
2479,6,6
2480,6,4
2481,6,6
2482,6,4
2483,6,4
2484,6,6
2485,7,4
2486,6,6
2487,6,4
2488,6,0
2489,6,0
2490,7,7
2491,6,2
2492,6,4
2493,6,3
2494,7,4
2495,6,4
2496,6,6
2497,8,8
2498,6,4
2499,6,5
2500,7,6
2501,7,5
2502,6,6
2503,6,5
2504,6,6
2505,6,2
2506,6,0
2507,6,1
2508,7,6
2509,6,6
2510,6,2
2511,6,4
2512,6,4
2513,7,6
2514,6,4
2515,7,2
2516,7,7
2517,6,4
2518,6,3
2519,6,2
2520,6,2
2521,6,5
2522,6,6
2523,7,4
2524,6,5
2525,6,3
2526,6,4
2527,6,6
2528,6,2
2529,6,6
2530,6,4
2531,7,5
2532,7,7
2533,6,2
2534,6,4
2535,6,6
2536,6,5
2537,6,4
2538,7,1
2539,6,0
2540,6,5
2541,6,4
2542,6,0
2543,6,4
2544,6,6
2545,6,4
2546,6,5
2547,6,5
2548,6,3
2549,6,4
2550,6,4
2551,6,4
2552,6,2
2553,6,6
2554,6,3
2555,6,6
2556,6,6
2557,6,5
2558,6,4
2559,8,3
2560,6,5
2561,6,5
2562,8,2
2563,6,6
2564,6,4
2565,6,2
2566,6,3
2567,8,7
2568,6,4
2569,6,1
2570,6,5
2571,6,6
2572,6,6
2573,6,6
2574,6,6
2575,6,0
2576,6,6
2577,6,4
2578,7,4
2579,6,5
2580,6,3
2581,6,3
2582,6,5
2583,7,7
2584,6,5
2585,6,1
2586,6,6
2587,6,3
2588,6,4
2589,6,4
2590,6,0
2591,6,4
2592,6,3
2593,6,6
2594,6,4
2595,6,4
2596,6,4
2597,6,5
2598,6,3
2599,6,6
2600,6,6
2601,7,7
2602,6,6
2603,6,6
2604,6,5
2605,6,3
2606,8,8
2607,6,4
2608,6,6
2609,7,5
2610,6,6
2611,6,5
2612,6,3
2613,6,2
2614,6,6
2615,6,4
2616,6,4
2617,6,1
2618,6,6
2619,7,7
2620,6,1
2621,6,2
2622,7,7
2623,6,4
2624,6,3
2625,6,5
2626,6,6
2627,6,6
2628,6,3
2629,6,5
2630,6,4
2631,6,6
2632,6,2
2633,6,6
2634,6,4
2635,7,7
2636,6,5
2637,6,4
2638,6,6
2639,6,5
2640,6,2
2641,6,3
2642,6,2
2643,6,6
2644,6,2
2645,6,6
2646,6,6
2647,6,3
2648,6,6
2649,6,6
2650,6,5
2651,6,4
2652,7,3
2653,6,4
2654,6,4
2655,6,6
2656,6,5
2657,6,2
2658,6,6
2659,6,6
2660,6,5
2661,6,5
2662,6,6
2663,6,1
2664,6,5
2665,6,6
2666,6,1
2667,6,6
2668,6,4
2669,6,4
2670,6,4
2671,6,6
2672,6,5
2673,6,5
2674,7,6
2675,7,7
2676,6,5
2677,6,6
2678,6,5
2679,6,2
2680,7,3
2681,6,6
2682,6,1
2683,6,2
2684,6,5
2685,7,7
2686,7,7
2687,6,6
2688,6,3
2689,6,5
2690,6,6
2691,6,1
2692,6,4
2693,6,5
2694,6,2
2695,6,1
2696,6,4
2697,7,1
2698,6,4
2699,6,2
2700,6,1
2701,7,6
2702,6,1
2703,6,6
2704,6,4
2705,7,7
2706,7,4
2707,6,6
2708,6,6
2709,6,1
2710,6,3
2711,6,2
2712,6,1
2713,7,7
2714,6,4
2715,6,1
2716,6,1
2717,6,5
2718,6,6
2719,6,4
2720,6,5
2721,6,5
2722,6,6
2723,6,6
2724,6,2
2725,6,4
2726,6,3
2727,6,6
2728,6,2
2729,7,3
2730,6,1
2731,6,6
2732,6,6
2733,8,3
2734,6,1
2735,6,5
2736,7,6
2737,6,1
2738,6,6
2739,6,5
2740,6,0
2741,8,8
2742,6,5
2743,6,5
2744,6,6
2745,6,3
2746,6,4
2747,6,5
2748,6,4
2749,6,6
2750,6,6
2751,6,4
2752,6,6
2753,8,5
2754,6,4
2755,6,3
2756,6,4
2757,6,5
2758,6,6
2759,7,6
2760,6,5
2761,6,6
2762,6,6
2763,6,6
2764,6,6
2765,6,5
2766,6,6
2767,7,7
2768,6,2
2769,7,5
2770,6,3
2771,6,4
2772,6,5
2773,6,0
2774,6,5
2775,6,3
2776,6,5
2777,8,6
2778,7,5
2779,6,6
2780,6,4
2781,6,6
2782,6,4
2783,6,3
2784,6,5
2785,7,7
2786,6,6
2787,6,2
2788,6,6
2789,6,3
2790,6,6
2791,6,4
2792,6,4
2793,7,6
2794,6,4
2795,6,4
2796,6,2
2797,6,4
2798,6,5
2799,6,4
2800,7,7
2801,6,6
2802,6,2
2803,7,7
2804,6,0
2805,6,1
2806,6,1
2807,6,6
2808,6,6
2809,6,6
2810,6,6
2811,6,6
2812,6,4
2813,7,5
2814,6,3
2815,6,3
2816,6,6
2817,7,7
2818,6,0
2819,6,6
2820,6,4
2821,6,2
2822,6,6
2823,6,0
2824,6,4
2825,6,2
2826,6,6
2827,6,5
2828,6,3
2829,6,6
2830,6,5
2831,6,2
2832,6,6
2833,6,5
2834,6,4
2835,7,4
2836,6,6
2837,8,4
2838,6,2
2839,6,6
2840,7,3
2841,6,6
2842,6,0
2843,7,7
2844,6,5
2845,7,6
2846,6,2
2847,6,6
2848,6,0
2849,6,6
2850,6,2
2851,6,5
2852,6,6
2853,6,2
2854,6,4
2855,6,5
2856,6,6
2857,6,1
2858,6,3
2859,6,3
2860,6,6
2861,6,2
2862,6,6
2863,6,6
2864,6,1
2865,6,3
2866,6,5
2867,6,6
2868,6,4
2869,6,4
2870,6,3
2871,6,5
2872,6,4
2873,6,4
2874,6,6
2875,6,4
2876,6,4
2877,6,6
2878,6,4
2879,7,6
2880,6,4
2881,6,4
2882,6,6
2883,6,6
2884,6,4
2885,6,6
2886,6,0
2887,6,4
2888,6,4
2889,6,1
2890,6,6
2891,7,3
2892,8,2
2893,6,4
2894,6,4
2895,8,6
2896,6,6
2897,6,4
2898,6,6
2899,7,7
2900,6,4
2901,6,6
2902,8,6
2903,6,4
2904,7,5
2905,6,6
2906,6,5
2907,6,5
2908,6,6
2909,6,4
2910,6,6
2911,6,3
2912,6,2
2913,6,4
2914,7,2
2915,6,3
2916,6,6
2917,6,6
2918,6,4
2919,6,6
2920,6,5
2921,6,6
2922,6,2
2923,6,6
2924,6,2
2925,7,6
2926,6,3
2927,6,5
2928,6,6
2929,6,6
2930,6,3
2931,7,5
2932,6,6
2933,6,6
2934,6,6
2935,6,4
2936,6,2
2937,6,6
2938,6,2
2939,6,4
2940,6,3
2941,7,4
2942,7,7
2943,6,3
2944,6,5
2945,6,2
2946,6,6
2947,6,6
2948,6,2
2949,6,2
2950,6,5
2951,6,5
2952,6,2
2953,6,6
2954,6,3
2955,6,6
2956,6,6
2957,6,6
2958,6,5
2959,6,4
2960,6,4
2961,6,4
2962,6,6
2963,6,6
2964,6,4
2965,6,6
2966,7,5
2967,8,3
2968,6,2
2969,6,4
2970,6,6
2971,7,4
2972,7,7
2973,7,7
2974,6,4
2975,6,4
2976,6,4
2977,6,4
2978,6,4
2979,7,3
2980,7,5
2981,6,3
2982,6,3
2983,6,4
2984,6,5
2985,6,5
2986,6,6
2987,6,6
2988,6,6
2989,6,4
2990,6,6
2991,6,6
2992,6,5
2993,6,4
2994,6,4
2995,6,2
2996,6,5
2997,6,6
2998,6,2
2999,6,2
3000,6,3
3001,6,0
3002,6,6
3003,6,6
3004,6,0
3005,6,1
3006,6,2
3007,7,5
3008,6,5
3009,6,5
3010,6,3
3011,7,5
3012,6,1
3013,6,6
3014,6,6
3015,6,2
3016,6,1
3017,6,4
3018,6,1
3019,6,2
3020,6,6
3021,6,4
3022,6,6
3023,6,4
3024,6,6
3025,6,5
3026,6,4
3027,6,4
3028,6,2
3029,6,1
3030,6,4
3031,6,6
3032,6,2
3033,6,1
3034,6,2
3035,6,6
3036,6,6
3037,6,0
3038,7,7
3039,6,0
3040,7,1
3041,6,3
3042,6,6
3043,6,6
3044,6,0
3045,6,4
3046,7,5
3047,6,6
3048,6,2
3049,6,6
3050,6,3
3051,6,6
3052,6,6
3053,6,6
3054,6,6
3055,6,6
3056,7,3
3057,7,3
3058,6,2
3059,6,5
3060,6,2
3061,7,5
3062,6,6
3063,7,2
3064,7,3
3065,6,6
3066,6,6
3067,6,3
3068,6,5
3069,6,1
3070,6,6
3071,6,6
3072,6,3
3073,6,2
3074,6,0
3075,6,0
3076,6,1
3077,6,5
3078,6,5
3079,7,7
3080,7,6
3081,6,0
3082,6,4
3083,6,3
3084,6,2
3085,6,5
3086,6,3
3087,6,4
3088,6,2
3089,6,3
3090,6,4
3091,7,3
3092,6,3
3093,7,5
3094,6,4
3095,6,2
3096,6,0
3097,6,3
3098,6,6
3099,6,6
3100,7,6
3101,7,7
3102,6,5
3103,6,5
3104,6,2
3105,7,5
3106,7,5
3107,6,1
3108,6,0
3109,7,5
3110,6,5
3111,6,4
3112,6,4
3113,6,4
3114,6,5
3115,7,5
3116,6,4
3117,6,1
3118,6,6
3119,6,2
3120,6,6
3121,6,6
3122,6,4
3123,6,5
3124,6,2
3125,6,4
3126,6,6
3127,7,5
3128,6,6
3129,6,1
3130,6,6
3131,6,5
3132,6,4
3133,6,4
3134,6,6
3135,7,3
3136,6,4
3137,6,1
3138,6,5
3139,6,6
3140,6,4
3141,6,4
3142,6,4
3143,6,6
3144,6,6
3145,6,5
3146,6,6
3147,6,2
3148,7,2
3149,6,6
3150,6,0
3151,7,6
3152,6,4
3153,6,6
3154,6,6
3155,6,3
3156,6,4
3157,6,6
3158,7,5
3159,6,3
3160,6,5
3161,6,3
3162,6,0
3163,6,6
3164,6,3
3165,7,5
3166,6,4
3167,6,3
3168,6,3
3169,6,5
3170,6,1
3171,6,5
3172,6,6
3173,6,2
3174,6,4
3175,6,6
3176,7,4
3177,6,6
3178,6,4
3179,6,4
3180,6,4
3181,6,4
3182,7,0
3183,6,3
3184,6,3
3185,6,1
3186,6,5
3187,6,6
3188,6,1
3189,6,4
3190,6,3
3191,6,0
3192,6,6
3193,6,0
3194,6,0
3195,6,0
3196,6,5
3197,6,6
3198,6,4
3199,6,3
3200,6,3
3201,6,3
3202,6,4
3203,6,5
3204,6,5
3205,6,6
3206,7,3
3207,6,0
3208,6,6
3209,6,3
3210,6,6
3211,7,7
3212,6,2
3213,6,5
3214,6,0
3215,6,6
3216,7,5
3217,6,0
3218,6,6
3219,6,5
3220,6,4
3221,6,4
3222,6,4
3223,6,4
3224,6,4
3225,6,0
3226,7,2
3227,6,6
3228,6,1
3229,6,3
3230,6,2
3231,7,5
3232,6,6
3233,6,2
3234,7,7
3235,6,4
3236,7,7
3237,8,2
3238,6,5
3239,6,4
3240,6,6
3241,8,6
3242,6,6
3243,6,4
3244,7,5
3245,6,6
3246,6,4
3247,6,6
3248,6,6
3249,6,4
3250,6,6
3251,6,4
3252,6,1
3253,7,7
3254,6,2
3255,6,4
3256,6,4
3257,6,2
3258,6,6
3259,6,6
3260,6,6
3261,6,6
3262,6,5
3263,7,5
3264,6,5
3265,6,6
3266,6,6
3267,6,4
3268,6,6
3269,7,7
3270,6,2
3271,6,3
3272,6,3
3273,6,1
3274,6,4
3275,6,6
3276,6,3
3277,6,6
3278,6,0
3279,6,4
3280,6,3
3281,6,6
3282,6,5
3283,6,5
3284,6,1
3285,6,2
3286,6,5
3287,6,1
3288,6,6
3289,6,0
3290,6,5
3291,6,6
3292,6,6
3293,6,4
3294,6,2
3295,6,6
3296,6,1
3297,6,6
3298,6,0
3299,6,6
3300,6,6
3301,6,6
3302,6,2
3303,6,6
3304,6,6
3305,6,4
3306,6,5
3307,6,5
3308,6,4
3309,6,6
3310,7,7
3311,6,6
3312,6,6
3313,7,7
3314,6,5
3315,6,2
3316,6,5
3317,6,3
3318,6,2
3319,6,3
3320,7,6
3321,6,2
3322,6,5
3323,6,6
3324,7,4
3325,6,2
3326,6,2
3327,7,7
3328,6,5
3329,6,3
3330,6,0
3331,6,4
3332,6,5
3333,7,4
3334,6,2
3335,6,5
3336,6,6
3337,7,5
3338,6,4
3339,6,3
3340,6,4
3341,7,6
3342,6,3
3343,6,3
3344,6,5
3345,6,0
3346,6,5
3347,6,5
3348,6,1
3349,6,3
3350,6,5
3351,6,2
3352,6,6
3353,6,6
3354,6,4
3355,6,2
3356,6,6
3357,6,4
3358,6,6
3359,6,3
3360,7,5
3361,6,4
3362,6,1
3363,6,6
3364,6,6
3365,6,1
3366,6,2
3367,6,3
3368,6,3
3369,6,0
3370,6,6
3371,6,5
3372,6,3
3373,6,6
3374,6,6
3375,6,5
3376,6,2
3377,6,6
3378,6,3
3379,6,5
3380,6,3
3381,6,6
3382,6,6
3383,6,4
3384,6,2
3385,6,5
3386,6,6
3387,6,4
3388,6,5
3389,6,6
3390,6,2
3391,6,4
3392,6,0
3393,6,3
3394,6,6
3395,6,6
3396,6,4
3397,6,4
3398,6,6
3399,6,5
3400,6,4
3401,6,1
3402,6,5
3403,6,6
3404,6,2
3405,7,2
3406,6,5
3407,7,2
3408,6,4
3409,6,1
3410,6,6
3411,6,3
3412,7,5
3413,6,3
3414,6,5
3415,6,4
3416,6,6
3417,6,6
3418,6,6
3419,7,1
3420,6,6
3421,7,5
3422,6,5
3423,6,2
3424,6,6
3425,6,2
3426,6,6
3427,6,0
3428,6,6
3429,6,6
3430,6,0
3431,6,2
3432,6,4
3433,6,0
3434,6,6
3435,6,2
3436,7,6
3437,6,6
3438,6,6
3439,6,3
3440,6,5
3441,6,4
3442,6,0
3443,6,5
3444,6,6
3445,6,6
3446,6,0
3447,6,0
3448,6,5
3449,6,6
3450,6,4
3451,6,6
3452,6,4
3453,6,6
3454,6,4
3455,6,6
3456,6,6
3457,6,6
3458,6,6
3459,6,1
3460,6,1
3461,6,3
3462,6,1
3463,6,6
3464,6,6
3465,6,6
3466,6,4
3467,6,5
3468,6,3
3469,6,2
3470,6,5
3471,6,1
3472,6,1
3473,6,2
3474,6,6
3475,6,4
3476,6,6
3477,6,4
3478,6,3
3479,6,4
3480,7,4
3481,6,4
3482,6,6
3483,6,6
3484,6,5
3485,6,3
3486,6,3
3487,6,3
3488,6,5
3489,6,6
3490,6,6
3491,6,6
3492,6,4
3493,6,4
3494,6,4
3495,6,6
3496,6,6
3497,6,1
3498,6,5
3499,6,5
3500,6,5
3501,6,6
3502,6,3
3503,6,0
3504,6,5
3505,6,6
3506,7,5
3507,6,4
3508,6,2
3509,6,6
3510,6,2
3511,6,6
3512,6,6
3513,6,5
3514,6,4
3515,6,1
3516,6,6
3517,6,2
3518,6,0
3519,6,1
3520,6,4
3521,6,6
3522,6,4
3523,6,6
3524,6,3
3525,6,2
3526,6,3
3527,7,3
3528,7,6
3529,6,2
3530,7,2
3531,6,2
3532,6,6
3533,6,4
3534,6,6
3535,6,5
3536,6,0
3537,6,4
3538,6,6
3539,6,2
3540,6,4
3541,6,5
3542,6,0
3543,6,4
3544,7,7
3545,6,4
3546,6,4
3547,6,5
3548,6,0
3549,6,3
3550,6,3
3551,6,4
3552,6,4
3553,6,3
3554,6,6
3555,6,4
3556,6,4
3557,6,0
3558,6,1
3559,6,2
3560,6,5
3561,6,2
3562,6,4
3563,6,6
3564,6,5
3565,6,5
3566,6,6
3567,6,3
3568,6,4
3569,6,4
3570,6,2
3571,6,1
3572,6,6
3573,6,6
3574,6,4
3575,6,6
3576,6,4
3577,6,2
3578,6,2
3579,7,2
3580,6,2
3581,6,6
3582,6,4
3583,7,7
3584,6,1
3585,6,4
3586,6,6
3587,6,2
3588,6,1
3589,6,4
3590,6,4
3591,6,5
3592,6,5
3593,6,2
3594,6,6
3595,6,5
3596,6,1
3597,6,6
3598,6,4
3599,7,4
3600,6,5
3601,6,6
3602,6,5
3603,7,6
3604,6,0
3605,6,3
3606,6,6
3607,7,5
3608,6,4
3609,6,1
3610,7,4
3611,6,2
3612,7,0
3613,7,6
3614,6,5
3615,6,5
3616,6,0
3617,6,5
3618,6,4
3619,6,6
3620,6,6
3621,6,2
3622,6,2
3623,6,0
3624,6,1
3625,6,4
3626,6,3
3627,6,5
3628,6,0
3629,6,2
3630,6,6
3631,6,6
3632,6,4
3633,6,5
3634,6,4
3635,6,4
3636,7,1
3637,6,5
3638,6,6
3639,6,3
3640,6,6
3641,6,0
3642,6,6
3643,6,0
3644,6,6
3645,7,7
3646,6,2
3647,6,2
3648,6,6
3649,6,6
3650,6,6
3651,6,4
3652,6,2
3653,6,6
3654,6,6
3655,6,6
3656,6,3
3657,6,6
3658,6,4
3659,7,5
3660,6,4
3661,6,6
3662,6,6
3663,6,4
3664,6,3
3665,7,6
3666,6,6
3667,6,2
3668,6,2
3669,6,6
3670,6,4
3671,6,6
3672,7,3
3673,6,4
3674,8,4
3675,6,6
3676,6,4
3677,7,3
3678,6,6
3679,7,3
3680,6,0
3681,6,2
3682,6,2
3683,7,6
3684,7,7
3685,6,5
3686,6,1
3687,6,1
3688,6,5
3689,6,6
3690,7,3
3691,6,1
3692,6,0
3693,6,0
3694,6,4
3695,6,6
3696,6,1
3697,6,2
3698,6,3
3699,6,4
3700,6,2
3701,6,4
3702,7,7
3703,6,4
3704,6,4
3705,7,7
3706,6,6
3707,6,2
3708,6,4
3709,6,6
3710,6,6
3711,6,3
3712,6,4
3713,6,5
3714,6,6
3715,7,5
3716,6,2
3717,6,4
3718,6,4
3719,6,1
3720,6,2
3721,6,4
3722,6,5
3723,6,3
3724,6,6
3725,8,4
3726,6,6
3727,7,4
3728,6,0
3729,6,6
3730,6,3
3731,6,3
3732,6,5
3733,6,5
3734,6,2
3735,7,5
3736,6,2
3737,6,4
3738,6,0
3739,6,6
3740,6,4
3741,7,3
3742,6,6
3743,6,2
3744,6,4
3745,6,5
3746,6,5
3747,6,0
3748,6,4
3749,7,7
3750,6,6
3751,6,0
3752,8,1
3753,6,1
3754,6,6
3755,6,0
3756,6,6
3757,6,4
3758,6,1
3759,7,7
3760,6,4
3761,6,4
3762,6,6
3763,7,5
3764,6,6
3765,6,2
3766,6,6
3767,6,6
3768,6,2
3769,6,4
3770,6,5
3771,6,4
3772,7,4
3773,6,0
3774,6,2
3775,6,4
3776,7,4
3777,6,4
3778,6,2
3779,6,6
3780,6,4
3781,7,4
3782,6,2
3783,6,6
3784,7,7
3785,6,3
3786,6,0
3787,6,6
3788,6,4
3789,6,4
3790,6,4
3791,6,6
3792,6,2
3793,6,4
3794,6,2
3795,6,5
3796,6,6
3797,6,6
3798,6,5
3799,6,3
3800,7,7
3801,6,6
3802,7,6
3803,6,3
3804,8,0
3805,6,4
3806,6,3
3807,6,4
3808,6,3
3809,6,5
3810,6,6
3811,6,4
3812,6,6
3813,6,6
3814,6,4
3815,6,4
3816,6,6
3817,6,2
3818,6,0
3819,6,4
3820,6,5
3821,6,3
3822,6,6
3823,6,2
3824,7,4
3825,7,5
3826,6,0
3827,6,4
3828,6,6
3829,6,5
3830,6,3
3831,6,6
3832,6,6
3833,7,7
3834,6,6
3835,6,5
3836,6,4
3837,6,5
3838,6,3
3839,7,3
3840,6,6
3841,6,1
3842,6,6
3843,6,5
3844,6,2
3845,7,1
3846,6,3
3847,6,3
3848,7,6
3849,6,6
3850,7,7
3851,6,6
3852,6,6
3853,6,6
3854,6,5
3855,6,6
3856,6,0
3857,6,6
3858,6,2
3859,6,4
3860,6,1
3861,6,4
3862,6,5
3863,6,5
3864,6,6
3865,6,6
3866,7,6
3867,6,3
3868,6,6
3869,6,6
3870,6,6
3871,7,6
3872,6,2
3873,6,6
3874,6,3
3875,6,0
3876,6,2
3877,6,6
3878,6,2
3879,6,2
3880,6,0
3881,6,3
3882,7,7
3883,6,6
3884,6,6
3885,6,0
3886,6,6
3887,6,4
3888,6,4
3889,6,5
3890,6,2
3891,6,0
3892,6,2
3893,7,7
3894,6,4
3895,6,3
3896,6,3
3897,6,5
3898,6,5
3899,6,0
3900,6,3
3901,6,5
3902,6,6
3903,6,1
3904,7,0
3905,6,0
3906,6,2
3907,7,5
3908,6,6
3909,7,7
3910,6,6
3911,6,6
3912,6,5
3913,6,0
3914,6,6
3915,7,4
3916,6,4
3917,6,6
3918,6,6
3919,6,4
3920,6,2
3921,6,4
3922,6,4
3923,6,2
3924,6,0
3925,6,0
3926,8,3
3927,6,3
3928,6,6
3929,6,3
3930,6,4
3931,6,5
3932,6,3
3933,7,6
3934,6,3
3935,6,6
3936,6,6
3937,6,4
3938,6,1
3939,7,7
3940,6,0
3941,6,6
3942,6,6
3943,6,4
3944,6,4
3945,6,4
3946,6,6
3947,6,6
3948,6,1
3949,6,6
3950,6,2
3951,6,5
3952,6,1
3953,6,3
3954,7,7
3955,6,5
3956,6,6
3957,6,4
3958,6,1
3959,6,5
3960,6,2
3961,6,2
3962,6,4
3963,7,2
3964,6,4
3965,6,6
3966,6,1
3967,6,6
3968,6,1
3969,6,5
3970,7,4
3971,6,1
3972,6,6
3973,6,5
3974,6,6
3975,6,4
3976,6,5
3977,6,3
3978,6,0
3979,6,4
3980,6,2
3981,6,4
3982,6,3
3983,6,3
3984,6,3
3985,6,4
3986,7,7
3987,6,6
3988,6,6
3989,6,2
3990,6,6
3991,6,4
3992,6,6
3993,6,6
3994,6,2
3995,6,5
3996,7,5
3997,6,2
3998,6,6
3999,6,5
4000,6,5
4001,6,4
4002,6,2
4003,6,0
4004,6,2
4005,6,5
4006,6,2
4007,6,5
4008,6,4
4009,6,1
4010,6,3
4011,6,6
4012,6,6
4013,6,4
4014,6,5
4015,7,5
4016,7,5
4017,6,6
4018,6,4
4019,6,5
4020,6,5
4021,6,4
4022,6,0
4023,6,5
4024,6,0
4025,6,6
4026,6,1
4027,7,6
4028,6,4
4029,6,4
4030,7,6
4031,6,6
4032,6,4
4033,6,6
4034,6,4
4035,6,1
4036,6,4
4037,6,3
4038,6,2
4039,6,4
4040,6,4
4041,6,4
4042,6,6
4043,6,2
4044,6,6
4045,6,6
4046,6,4
4047,6,5
4048,6,6
4049,6,6
4050,6,3
4051,6,2
4052,6,6
4053,6,3
4054,6,2
4055,6,4
4056,6,4
4057,6,6
4058,6,4
4059,6,6
4060,7,5
4061,6,4
4062,6,5
4063,6,6
4064,7,7
4065,6,4
4066,6,6
4067,6,4
4068,6,2
4069,6,4
4070,6,6
4071,6,2
4072,7,4
4073,6,4
4074,6,5
4075,7,3
4076,6,1
4077,6,2
4078,6,2
4079,6,4
4080,6,6
4081,6,5
4082,6,5
4083,6,5
4084,6,5
4085,6,2
4086,6,4
4087,6,2
4088,6,6
4089,6,5
4090,6,6
4091,7,4
4092,8,8
4093,6,0
4094,6,0
4095,6,1
4096,6,4
4097,6,4
4098,6,6
4099,7,5
4100,6,3
4101,6,2
4102,6,5
4103,6,6
4104,6,2
4105,6,4
4106,6,6
4107,6,6
4108,8,6
4109,6,4
4110,6,5
4111,6,5
4112,6,4
4113,6,4
4114,6,6
4115,6,6
4116,6,1
4117,6,6
4118,6,0
4119,6,1
4120,6,6
4121,6,6
4122,6,5
4123,6,2
4124,6,5
4125,6,6
4126,6,2
4127,6,5
4128,6,6
4129,7,5
4130,6,6
4131,8,7
4132,6,6
4133,7,5
4134,6,6
4135,6,2
4136,6,1
4137,6,5
4138,6,6
4139,6,0
4140,6,3
4141,6,5
4142,7,4
4143,6,4
4144,6,3
4145,6,5
4146,7,6
4147,6,6
4148,6,3
4149,6,6
4150,6,2
4151,6,5
4152,6,1
4153,6,0
4154,7,6
4155,6,4
4156,7,7
4157,6,3
4158,6,6
4159,6,0
4160,6,6
4161,6,6
4162,6,6
4163,6,4
4164,6,6
4165,6,0
4166,6,4
4167,7,5
4168,6,6
4169,6,4
4170,6,0
4171,6,6
4172,6,2
4173,6,0
4174,6,6
4175,6,4
4176,7,7
4177,6,1
4178,6,0
4179,6,2
4180,7,5
4181,6,6
4182,6,2
4183,6,1
4184,6,6
4185,6,4
4186,6,6
4187,6,6
4188,6,3
4189,6,3
4190,6,6
4191,6,2
4192,6,2
4193,6,6
4194,6,3
4195,6,1
4196,6,6
4197,6,5
4198,6,4
4199,6,4
4200,6,4
4201,6,2
4202,6,5
4203,7,7
4204,6,0
4205,6,6
4206,6,4
4207,6,6
4208,6,1
4209,6,6
4210,6,4
4211,6,4
4212,6,5
4213,7,6
4214,6,1
4215,6,5
4216,6,6
4217,6,2
4218,6,6
4219,6,1
4220,6,2
4221,6,4
4222,6,5
4223,6,3
4224,6,6
4225,6,4
4226,6,4
4227,6,3
4228,6,4
4229,6,4
4230,6,4
4231,6,4
4232,7,3
4233,6,2
4234,6,5
4235,6,4
4236,6,6
4237,6,6
4238,6,4
4239,6,6
4240,6,4
4241,6,5
4242,6,1
4243,6,4
4244,6,4
4245,6,1
4246,6,6
4247,6,5
4248,6,3
4249,6,5
4250,6,5
4251,6,5
4252,6,4
4253,6,4
4254,6,5
4255,7,3
4256,6,4
4257,6,2
4258,6,4
4259,6,4
4260,6,2
4261,6,6
4262,6,4
4263,7,6
4264,7,4
4265,7,4
4266,6,6
4267,6,5
4268,6,4
4269,6,4
4270,6,0
4271,6,5
4272,6,2
4273,6,6
4274,7,6
4275,6,6
4276,6,6
4277,6,6
4278,6,2
4279,6,4
4280,6,1
4281,6,5
4282,6,5
4283,6,3
4284,6,6
4285,7,7
4286,6,4
4287,6,3
4288,6,3
4289,6,5
4290,6,5
4291,7,7
4292,6,6
4293,6,5
4294,6,4
4295,6,0
4296,6,6
4297,6,4
4298,6,1
4299,6,6
4300,6,2
4301,6,0
4302,7,0
4303,6,3
4304,6,3
4305,6,3
4306,6,6
4307,6,6
4308,6,1
4309,6,6
4310,6,6
4311,6,3
4312,6,2
4313,6,3
4314,6,3
4315,6,6
4316,6,1
4317,6,4
4318,6,6
4319,6,2
4320,6,4
4321,7,7
4322,6,2
4323,6,6
4324,6,6
4325,6,2
4326,6,5
4327,6,2
4328,6,5
4329,6,4
4330,6,2
4331,6,6
4332,6,6
4333,6,5
4334,6,6
4335,6,6
4336,7,5
4337,6,4
4338,6,4
4339,6,2
4340,7,7
4341,6,2
4342,6,4
4343,6,0
4344,7,3
4345,6,2
4346,6,6
4347,6,6
4348,6,2
4349,6,6
4350,6,5
4351,6,4
4352,6,6
4353,6,6
4354,6,6
4355,6,3
4356,6,4
4357,6,4
4358,6,5
4359,6,4
4360,6,6
4361,6,5
4362,7,7
4363,6,2
4364,6,4
4365,6,6
4366,6,4
4367,6,6
4368,6,6
4369,6,6
4370,6,4
4371,6,3
4372,6,4
4373,6,6
4374,6,4
4375,7,7
4376,6,5
4377,6,3
4378,6,6
4379,7,3
4380,6,1
4381,7,3
4382,7,7
4383,6,2
4384,6,1
4385,6,3
4386,6,6
4387,7,3
4388,6,4
4389,6,2
4390,6,2
4391,6,5
4392,7,7
4393,6,4
4394,6,6
4395,6,5
4396,6,0
4397,6,1
4398,6,3
4399,6,4
4400,6,3
4401,6,5
4402,6,6
4403,6,6
4404,6,6
4405,7,6
4406,7,7
4407,6,2
4408,6,4
4409,6,2
4410,6,3
4411,6,1
4412,6,6
4413,6,2
4414,6,4
4415,6,6
4416,6,1
4417,6,4
4418,6,6
4419,6,6
4420,6,6
4421,8,3
4422,7,3
4423,6,4
4424,6,6
4425,6,4
4426,6,3
4427,6,2
4428,6,4
4429,6,5
4430,6,6
4431,6,6
4432,6,4
4433,6,6
4434,6,0
4435,6,3
4436,6,1
4437,6,6
4438,6,5
4439,6,6
4440,6,4
4441,7,3
4442,6,2
4443,6,2
4444,6,5
4445,6,0
4446,6,5
4447,7,6
4448,6,4
4449,6,6
4450,6,4
4451,6,4
4452,6,2
4453,7,5
4454,6,0
4455,6,2
4456,7,0
4457,7,7
4458,6,6
4459,6,6
4460,6,4
4461,6,6
4462,6,1
4463,6,3
4464,6,6
4465,6,3
4466,6,6
4467,6,4
4468,6,1
4469,6,4
4470,6,6
4471,6,2
4472,6,3
4473,6,6
4474,6,6
4475,6,4
4476,6,1
4477,6,5
4478,6,3
4479,6,5
4480,6,5
4481,6,4
4482,6,6
4483,6,0
4484,6,6
4485,6,6
4486,6,6
4487,7,4
4488,7,6
4489,6,6
4490,6,2
4491,6,5
4492,6,2
4493,6,3
4494,6,3
4495,6,3
4496,6,4
4497,6,6
4498,6,4
4499,6,6
4500,6,5
4501,6,2
4502,6,3
4503,6,5
4504,6,5
4505,7,5
4506,6,2
4507,6,6
4508,7,7
4509,6,4
4510,6,3
4511,6,5
4512,6,4
4513,6,6
4514,6,0
4515,6,5
4516,6,3
4517,6,2
4518,6,6
4519,6,5
4520,6,3
4521,7,5
4522,6,4
4523,6,0
4524,7,5
4525,6,4
4526,6,3
4527,6,4
4528,6,1
4529,6,0
4530,6,4
4531,6,6
4532,6,3
4533,6,5
4534,6,6
4535,6,2
4536,6,6
4537,6,3
4538,6,6
4539,6,6
4540,7,5
4541,6,0
4542,7,5
4543,6,4
4544,6,2
4545,6,6
4546,6,4
4547,6,6
4548,6,2
4549,8,0
4550,8,7
4551,6,6
4552,6,6
4553,6,4
4554,6,5
4555,6,2
4556,6,6
4557,6,3
4558,6,2
4559,6,6
4560,6,3
4561,6,6
4562,6,4
4563,6,0
4564,6,6
4565,8,4
4566,6,4
4567,6,1
4568,6,6
4569,6,5
4570,6,3
4571,6,1
4572,6,6
4573,6,3
4574,6,4
4575,6,6
4576,6,4
4577,6,2
4578,6,6
4579,6,4
4580,6,4
4581,6,3
4582,6,5
4583,6,6
4584,6,6
4585,6,6
4586,6,5
4587,6,6
4588,6,5
4589,6,2
4590,6,6
4591,6,6
4592,6,6
4593,6,0
4594,6,6
4595,6,1
4596,6,3
4597,6,6
4598,6,4
4599,6,5
4600,6,0
4601,6,0
4602,7,4
4603,7,5
4604,6,6
4605,6,4
4606,6,4
4607,6,6
4608,6,1
4609,6,4
4610,6,4
4611,6,4
4612,6,6
4613,6,3
4614,6,4
4615,6,5
4616,6,4
4617,6,5
4618,6,4
4619,6,5
4620,6,6
4621,6,1
4622,6,4
4623,6,4
4624,6,4
4625,6,3
4626,6,6
4627,7,4
4628,6,6
4629,8,5
4630,6,0
4631,6,3
4632,6,4
4633,6,3
4634,6,6
4635,6,3
4636,6,3
4637,7,4
4638,6,6
4639,7,7
4640,6,1
4641,6,2
4642,6,6
4643,7,7
4644,6,1
4645,6,6
4646,6,0
4647,6,6
4648,6,3
4649,6,6
4650,6,1
4651,6,2
4652,8,6
4653,6,6
4654,6,3
4655,6,6
4656,7,5
4657,6,4
4658,6,6
4659,6,4
4660,6,4
4661,6,6
4662,6,1
4663,8,4
4664,7,7
4665,6,2
4666,6,6
4667,8,8
4668,6,2
4669,6,3
4670,6,6
4671,6,6
4672,6,6
4673,6,4
4674,6,5
4675,6,4
4676,6,4
4677,6,0
4678,6,6
4679,6,6
4680,7,6
4681,6,1
4682,6,3
4683,6,6
4684,6,1
4685,6,6
4686,6,2
4687,6,5
4688,6,2
4689,6,3
4690,6,4
4691,6,5
4692,6,5
4693,6,5
4694,6,3
4695,6,4
4696,6,3
4697,6,6
4698,6,6
4699,6,5
4700,7,7
4701,6,6
4702,6,1
4703,6,5
4704,6,6
4705,6,4
4706,8,8
4707,6,5
4708,7,7
4709,6,4
4710,6,6
4711,6,5
4712,6,6
4713,6,6
4714,6,2
4715,6,4
4716,6,4
4717,6,4
4718,6,6
4719,7,3
4720,6,4
4721,7,5
4722,6,3
4723,6,6
4724,7,5
4725,8,2
4726,6,6
4727,6,6
4728,6,6
4729,6,1
4730,6,2
4731,6,5
4732,6,3
4733,6,0
4734,6,4
4735,6,1
4736,6,4
4737,6,6
4738,7,2
4739,6,6
4740,6,1
4741,6,6
4742,6,3
4743,6,3
4744,6,3
4745,6,6
4746,7,4
4747,6,6
4748,6,2
4749,6,0
4750,6,4
4751,6,2
4752,7,5
4753,6,6
4754,6,5
4755,6,4
4756,6,1
4757,6,4
4758,6,3
4759,7,1
4760,6,1
4761,6,1
4762,6,0
4763,6,3
4764,7,3
4765,6,5
4766,6,4
4767,6,2
4768,6,5
4769,7,3
4770,6,6
4771,6,0
4772,6,1
4773,6,0
4774,6,3
4775,6,4
4776,7,3
4777,7,4
4778,7,3
4779,6,5
4780,6,6
4781,6,4
4782,6,6
4783,6,6
4784,6,1
4785,7,3
4786,6,6
4787,6,6
4788,6,6
4789,7,1
4790,6,3
4791,6,6
4792,6,2
4793,6,2
4794,6,0
4795,6,6
4796,6,1
4797,6,4
4798,6,0
4799,6,6
4800,6,6
4801,6,0
4802,6,6
4803,6,5
4804,7,3
4805,6,4
4806,6,4
4807,6,6
4808,6,6
4809,6,4
4810,6,5
4811,6,3
4812,6,5
4813,6,4
4814,8,4
4815,6,2
4816,6,6
4817,6,2
4818,6,4
4819,6,6
4820,7,4
4821,6,6
4822,6,4
4823,6,4
4824,6,4
4825,6,4
4826,6,6
4827,6,6
4828,6,0
4829,6,1
4830,7,6
4831,6,4
4832,6,5
4833,6,2
4834,6,2
4835,6,3
4836,6,5
4837,6,6
4838,6,6
4839,6,3
4840,7,7
4841,6,6
4842,6,0
4843,6,0
4844,6,5
4845,6,2
4846,6,4
4847,6,1
4848,7,4
4849,6,6
4850,7,7
4851,6,4
4852,6,4
4853,6,5
4854,6,3
4855,6,4
4856,6,4
4857,6,6
4858,6,4
4859,6,3
4860,7,5
4861,6,3
4862,6,4
4863,6,3
4864,7,7
4865,6,6
4866,7,7
4867,6,4
4868,6,2
4869,6,2
4870,6,5
4871,6,4
4872,6,5
4873,6,6
4874,6,6
4875,7,6
4876,6,4
4877,8,5
4878,7,7
4879,6,6
4880,6,6
4881,6,4
4882,6,0
4883,7,3
4884,6,2
4885,7,5
4886,6,6
4887,6,6
4888,6,5
4889,7,7
4890,7,7
4891,6,4
4892,6,4
4893,7,2
4894,6,6
4895,6,2
4896,6,2
4897,6,6
4898,6,5
4899,6,1
4900,6,6
4901,6,4
4902,6,3
4903,6,4
4904,6,6
4905,6,4
4906,6,6
4907,6,4
4908,6,4
4909,6,2
4910,6,2
4911,6,2
4912,6,6
4913,6,6
4914,6,5
4915,6,5
4916,6,2
4917,6,4
4918,6,5
4919,6,2
4920,6,6
4921,6,2
4922,7,7
4923,6,4
4924,6,6
4925,6,6
4926,6,2
4927,6,6
4928,6,2
4929,6,4
4930,6,6
4931,6,2
4932,6,3
4933,6,6
4934,7,3
4935,6,2
4936,6,3
4937,6,6
4938,6,5
4939,6,6
4940,6,4
4941,6,6
4942,7,7
4943,6,2
4944,7,3
4945,6,2
4946,6,3
4947,6,6
4948,6,4
4949,6,5
4950,6,1
4951,6,6
4952,6,0
4953,7,3
4954,7,6
4955,6,4
4956,6,4
4957,6,5
4958,6,0
4959,6,2
4960,6,6
4961,6,6
4962,7,7
4963,6,3
4964,6,2
4965,6,5
4966,6,6
4967,6,0
4968,6,4
4969,6,4
4970,8,7
4971,6,4
4972,6,0
4973,6,5
4974,6,5
4975,6,6
4976,6,3
4977,6,4
4978,6,2
4979,6,4
4980,6,6
4981,6,2
4982,6,6
4983,7,4
4984,6,4
4985,6,6
4986,6,6
4987,6,4
4988,7,2
4989,7,2
4990,6,4
4991,6,1
4992,6,2
4993,7,5
4994,6,2
4995,6,4
4996,8,8
4997,7,3
4998,6,6
4999,6,5
5000,6,6
5001,6,4
5002,6,5
5003,6,6
5004,6,6
5005,6,6
5006,6,4
5007,6,6
5008,7,7
5009,6,4
5010,7,3
5011,6,2
5012,6,4
5013,6,0
5014,6,3
5015,7,4
5016,6,3
5017,6,6
5018,6,5
5019,6,0
5020,6,4
5021,6,3
5022,7,3
5023,6,2
5024,6,1
5025,6,6
5026,6,6
5027,6,6
5028,6,4
5029,6,6
5030,6,6
5031,6,0
5032,6,5
5033,6,5
5034,7,4
5035,6,4
5036,7,7
5037,6,0
5038,6,2
5039,6,4
5040,6,5
5041,6,2
5042,6,2
5043,6,6
5044,7,0
5045,6,6
5046,6,4
5047,6,2
5048,6,4
5049,6,6
5050,7,3
5051,6,3
5052,6,3
5053,6,1
5054,6,3
5055,6,2
5056,6,5
5057,6,5
5058,7,6
5059,6,6
5060,7,7
5061,6,5
5062,6,6
5063,6,2
5064,6,5
5065,6,2
5066,6,3
5067,6,6
5068,6,6
5069,7,5
5070,6,0
5071,6,6
5072,6,6
5073,6,6
5074,6,6
5075,6,4
5076,8,4
5077,6,5
5078,6,5
5079,6,0
5080,6,6
5081,6,6
5082,6,0
5083,6,6
5084,7,5
5085,6,4
5086,6,2
5087,6,5
5088,6,5
5089,6,5
5090,6,4
5091,6,1
5092,6,4
5093,6,3
5094,6,2
5095,6,4
5096,7,7
5097,6,0
5098,6,1
5099,6,6
5100,6,3
5101,6,5
5102,6,4
5103,6,2
5104,7,4
5105,6,4
5106,6,0
5107,6,3
5108,6,6
5109,6,6
5110,6,3
5111,6,6
5112,7,6
5113,7,6
5114,7,7
5115,6,2
5116,6,0
5117,6,3
5118,6,2
5119,6,1
5120,6,6
5121,6,6
5122,6,5
5123,6,4
5124,6,5
5125,6,2
5126,7,2
5127,7,5
5128,6,2
5129,7,7
5130,6,6
5131,6,6
5132,6,0
5133,6,4
5134,6,6
5135,6,6
5136,6,2
5137,7,2
5138,7,4
5139,6,2
5140,6,6
5141,6,6
5142,6,5
5143,6,3
5144,6,3
5145,6,6
5146,6,3
5147,6,1
5148,6,3
5149,6,2
5150,6,6
5151,6,4
5152,6,4
5153,6,6
5154,7,2
5155,6,4
5156,6,6
5157,6,1
5158,6,6
5159,7,6
5160,6,0
5161,6,6
5162,6,1
5163,6,6
5164,6,2
5165,6,5
5166,6,1
5167,8,5
5168,6,5
5169,6,4
5170,6,4
5171,6,5
5172,6,0
5173,6,5
5174,7,6
5175,6,0
5176,6,6
5177,6,1
5178,6,4
5179,6,6
5180,6,6
5181,6,4
5182,6,5
5183,6,6
5184,6,4
5185,6,6
5186,6,4
5187,6,6
5188,6,6
5189,6,2
5190,6,6
5191,6,4
5192,6,4
5193,6,4
5194,6,6
5195,6,4
5196,6,5
5197,6,4
5198,6,6
5199,6,5
5200,6,1
5201,7,3
5202,6,4
5203,6,2
5204,6,6
5205,6,0
5206,6,0
5207,6,5
5208,6,4
5209,6,6
5210,6,2
5211,6,6
5212,6,0
5213,6,2
5214,6,5
5215,6,2
5216,6,6
5217,6,6
5218,6,4
5219,7,2
5220,6,5
5221,6,4
5222,6,4
5223,6,2
5224,6,4
5225,6,6
5226,6,6
5227,6,6
5228,6,5
5229,6,2
5230,6,6
5231,6,4
5232,6,1
5233,6,6
5234,6,4
5235,6,2
5236,6,6
5237,7,4
5238,6,6
5239,6,2
5240,6,5
5241,6,4
5242,6,4
5243,6,6
5244,6,4
5245,6,2
5246,6,0
5247,6,2
5248,6,6
5249,6,4
5250,6,1
5251,6,2
5252,6,4
5253,6,6
5254,6,4
5255,6,0
5256,6,4
5257,6,4
5258,6,2
5259,6,0
5260,6,6
5261,6,3
5262,7,1
5263,7,5
5264,6,2
5265,7,0
5266,7,6
5267,6,4
5268,6,2
5269,6,6
5270,6,6
5271,6,4
5272,6,4
5273,6,0
5274,6,6
5275,6,5
5276,6,3
5277,7,7
5278,6,4
5279,7,6
5280,7,3
5281,6,5
5282,6,2
5283,6,4
5284,6,4
5285,6,2
5286,6,3
5287,6,0
5288,6,0
5289,7,3
5290,6,2
5291,6,2
5292,6,1
5293,6,4
5294,6,6
5295,6,6
5296,6,2
5297,6,1
5298,6,5
5299,6,0
5300,7,6
5301,6,6
5302,6,4
5303,7,7
5304,6,6
5305,6,3
5306,6,5
5307,6,4
5308,7,2
5309,6,6
5310,7,7
5311,6,0
5312,7,5
5313,6,6
5314,6,4
5315,6,5
5316,6,2
5317,7,7
5318,6,4
5319,6,6
5320,6,5
5321,6,6
5322,6,2
5323,6,6
5324,6,6
5325,6,6
5326,6,4
5327,6,6
5328,6,4
5329,6,6
5330,6,6
5331,6,6
5332,6,2
5333,6,6
5334,7,3
5335,7,5
5336,6,6
5337,7,6
5338,6,6
5339,6,4
5340,6,6
5341,6,6
5342,6,5
5343,6,2
5344,7,3
5345,6,1
5346,6,3
5347,6,2
5348,7,2
5349,6,2
5350,6,1
5351,7,5
5352,7,4
5353,6,6
5354,8,7
5355,6,6
5356,6,5
5357,6,6
5358,6,4
5359,6,2
5360,7,7
5361,6,4
5362,6,1
5363,6,4
5364,6,6
5365,6,4
5366,7,7
5367,6,4
5368,7,6
5369,6,2
5370,6,6
5371,6,4
5372,6,5
5373,6,6
5374,6,5
5375,7,3
5376,6,2
5377,6,2
5378,6,2
5379,6,5
5380,6,2
5381,6,5
5382,6,6
5383,7,5
5384,6,4
5385,6,2
5386,6,2
5387,6,2
5388,6,6
5389,6,1
5390,6,5
5391,6,5
5392,6,4
5393,6,6
5394,6,5
5395,6,6
5396,6,2
5397,6,4
5398,6,4
5399,6,3
5400,6,5
5401,6,6
5402,6,6
5403,7,4
5404,6,6
5405,6,6
5406,6,6
5407,6,2
5408,7,4
5409,7,7
5410,6,1
5411,6,3
5412,6,2
5413,6,6
5414,6,4
5415,6,6
5416,6,6
5417,7,3
5418,6,4
5419,7,6
5420,6,3
5421,6,6
5422,6,3
5423,7,4
5424,6,6
5425,6,4
5426,7,5
5427,6,4
5428,6,5
5429,6,6
5430,6,4
5431,7,1
5432,6,5
5433,6,4
5434,7,7
5435,6,4
5436,6,6
5437,6,4
5438,6,3
5439,6,4
5440,6,0
5441,7,7
5442,6,2
5443,6,5
5444,6,4
5445,6,0
5446,6,6
5447,6,0
5448,6,5
5449,6,5
5450,6,4
5451,6,6
5452,6,3
5453,7,5
5454,6,6
5455,6,5
5456,6,0
5457,7,7
5458,6,4
5459,6,5
5460,8,4
5461,6,3
5462,6,2
5463,6,1
5464,6,3
5465,7,3
5466,6,4
5467,6,4
5468,6,6
5469,7,3
5470,6,6
5471,6,2
5472,6,2
5473,7,7
5474,6,4
5475,6,5
5476,6,6
5477,6,6
5478,6,3
5479,6,6
5480,6,5
5481,7,7
5482,6,4
5483,6,4
5484,6,6
5485,6,6
5486,8,5
5487,6,0
5488,6,2
5489,7,1
5490,6,6
5491,7,5
5492,6,2
5493,6,1
5494,6,2
5495,6,4
5496,6,4
5497,6,6
5498,6,4
5499,7,5
5500,6,4
5501,6,6
5502,6,0
5503,6,1
5504,6,2
5505,6,1
5506,6,3
5507,6,4
5508,6,6
5509,6,6
5510,6,2
5511,6,3
5512,6,4
5513,6,4
5514,7,4
5515,6,6
5516,6,6
5517,6,6
5518,6,0
5519,6,5
5520,6,4
5521,6,4
5522,6,1
5523,6,6
5524,6,4
5525,6,5
5526,7,2
5527,6,4
5528,6,4
5529,6,6
5530,7,3
5531,6,6
5532,6,6
5533,7,1
5534,6,3
5535,6,3
5536,6,4
5537,6,1
5538,6,4
5539,6,0
5540,6,6
5541,7,7
5542,7,5
5543,7,5
5544,6,6
5545,6,6
5546,6,6
5547,6,2
5548,6,4
5549,6,2
5550,6,4
5551,6,5
5552,6,6
5553,6,6
5554,6,6
5555,6,6
5556,8,8
5557,7,4
5558,6,5
5559,6,6
5560,6,6
5561,6,6
5562,6,1
5563,6,4
5564,6,5
5565,6,4
5566,7,5
5567,7,4
5568,6,6
5569,6,6
5570,6,6
5571,6,3
5572,7,1
5573,6,0
5574,6,3
5575,6,6
5576,6,5
5577,6,4
5578,6,6
5579,6,0
5580,6,4
5581,6,4
5582,6,3
5583,6,6
5584,6,6
5585,6,6
5586,6,1
5587,6,3
5588,7,3
5589,6,4
5590,6,4
5591,6,2
5592,6,4
5593,6,4
5594,6,6
5595,6,4
5596,6,6
5597,7,3
5598,6,3
5599,6,6
5600,6,0
5601,6,5
5602,6,1
5603,6,3
5604,6,3
5605,6,3
5606,6,4
5607,7,7
5608,6,4
5609,6,2
5610,6,6
5611,6,5
5612,6,0
5613,6,4
5614,6,3
5615,6,4
5616,7,5
5617,6,0
5618,6,6
5619,6,5
5620,6,6
5621,6,5
5622,6,3
5623,6,4
5624,6,2
5625,6,1
5626,6,0
5627,6,2
5628,6,3
5629,6,3
5630,6,4
5631,6,5
5632,7,7
5633,6,4
5634,6,5
5635,6,4
5636,6,2
5637,7,5
5638,6,4
5639,6,3
5640,6,6
5641,6,5
5642,6,0
5643,6,0
5644,7,5
5645,7,3
5646,7,7
5647,6,4
5648,6,2
5649,6,2
5650,6,4
5651,7,7
5652,6,5
5653,6,2
5654,6,2
5655,6,5
5656,6,6
5657,6,1
5658,6,2
5659,6,6
5660,6,2
5661,6,0
5662,7,7
5663,6,6
5664,6,6
5665,6,6
5666,6,4
5667,6,1
5668,6,0
5669,6,1
5670,7,3
5671,7,6
5672,6,4
5673,6,6
5674,6,6
5675,6,6
5676,7,5
5677,6,1
5678,6,0
5679,6,2
5680,6,1
5681,6,3
5682,6,5
5683,7,1
5684,7,3
5685,6,6
5686,6,6
5687,6,1
5688,6,0
5689,6,5
5690,6,2
5691,6,4
5692,6,6
5693,6,6
5694,6,2
5695,6,6
5696,6,2
5697,6,2
5698,6,6
5699,7,7
5700,6,6
5701,6,6
5702,6,4
5703,6,5
5704,6,5
5705,6,6
5706,6,3
5707,6,6
5708,7,5
5709,6,0
5710,6,6
5711,6,6
5712,6,5
5713,6,6
5714,8,8
5715,6,4
5716,6,6
5717,6,1
5718,6,4
5719,7,5
5720,6,6
5721,6,6
5722,6,6
5723,7,3
5724,6,2
5725,6,5
5726,6,2
5727,6,1
5728,6,4
5729,6,6
5730,6,5
5731,6,0
5732,6,1
5733,6,6
5734,6,1
5735,6,4
5736,7,6
5737,6,6
5738,6,1
5739,6,4
5740,6,4
5741,6,0
5742,6,6
5743,6,5
5744,6,4
5745,6,0
5746,6,6
5747,6,3
5748,6,0
5749,6,6
5750,6,6
5751,6,2
5752,7,0
5753,7,6
5754,6,4
5755,6,4
5756,6,1
5757,6,1
5758,7,7
5759,6,5
5760,7,5
5761,6,4
5762,6,2
5763,6,3
5764,6,6
5765,6,1
5766,6,5
5767,6,6
5768,6,2
5769,6,6
5770,6,2
5771,6,6
5772,6,4
5773,7,7
5774,6,0
5775,6,5
5776,7,6
5777,6,3
5778,6,0
5779,8,7
5780,6,6
5781,6,2
5782,6,2
5783,6,0
5784,7,1
5785,6,2
5786,6,2
5787,6,4
5788,6,3
5789,6,1
5790,6,6
5791,7,3
5792,6,2
5793,6,4
5794,6,5
5795,7,1
5796,6,2
5797,6,4
5798,6,5
5799,6,6
5800,6,5
5801,7,7
5802,6,6
5803,6,5
5804,6,6
5805,6,3
5806,6,2
5807,7,7
5808,6,3
5809,6,6
5810,6,0
5811,6,6
5812,6,0
5813,6,4
5814,6,5
5815,6,4
5816,6,5
5817,6,5
5818,8,8
5819,6,4
5820,6,5
5821,6,1
5822,6,2
5823,6,5
5824,6,6
5825,6,5
5826,6,6
5827,6,6
5828,7,7
5829,6,5
5830,6,2
5831,6,0
5832,6,6
5833,6,5
5834,6,4
5835,6,2
5836,6,6
5837,6,4
5838,6,6
5839,6,6
5840,6,4
5841,6,6
5842,6,5
5843,6,0
5844,6,5
5845,6,6
5846,6,6
5847,6,6
5848,6,4
5849,6,6
5850,6,4
5851,6,6
5852,7,5
5853,6,6
5854,6,6
5855,6,2
5856,6,2
5857,6,6
5858,6,4
5859,6,0
5860,6,5
5861,6,3
5862,7,5
5863,6,6
5864,6,2
5865,7,7
5866,6,6
5867,6,4
5868,6,0
5869,6,2
5870,6,3
5871,7,7
5872,6,5
5873,6,0
5874,6,1
5875,6,6
5876,7,3
5877,6,4
5878,6,2
5879,6,0
5880,6,0
5881,6,6
5882,6,3
5883,6,2
5884,7,7
5885,6,4
5886,6,4
5887,6,3
5888,6,3
5889,6,5
5890,6,4
5891,6,6
5892,6,0
5893,6,2
5894,6,6
5895,6,2
5896,6,3
5897,6,6
5898,6,6
5899,6,2
5900,6,4
5901,7,2
5902,6,2
5903,6,4
5904,6,4
5905,7,5
5906,7,3
5907,8,6
5908,6,4
5909,6,6
5910,6,6
5911,6,1
5912,6,0
5913,6,6
5914,6,6
5915,7,3
5916,6,2
5917,6,5
5918,6,4
5919,7,6
5920,6,1
5921,7,4
5922,6,0
5923,6,6
5924,7,7
5925,6,5
5926,6,6
5927,6,4
5928,6,4
5929,6,6
5930,6,6
5931,6,4
5932,6,1
5933,6,4
5934,6,4
5935,6,6
5936,6,4
5937,6,4
5938,6,2
5939,6,6
5940,6,4
5941,6,6
5942,6,4
5943,6,4
5944,6,5
5945,6,6
5946,6,6
5947,6,6
5948,6,3
5949,6,3
5950,6,5
5951,6,6
5952,6,2
5953,7,6
5954,6,2
5955,7,1
5956,6,6
5957,7,6
5958,6,3
5959,6,3
5960,6,4
5961,6,2
5962,7,7
5963,6,0
5964,6,4
5965,6,0
5966,6,6
5967,6,6
5968,6,6
5969,6,0
5970,6,5
5971,7,6
5972,6,1
5973,6,6
5974,6,4
5975,6,2
5976,6,2
5977,7,5
5978,6,4
5979,6,6
5980,6,3
5981,6,6
5982,6,4
5983,6,5
5984,6,2
5985,7,4
5986,6,4
5987,6,6
5988,6,3
5989,7,1
5990,6,6
5991,6,1
5992,6,6
5993,6,5
5994,6,0
5995,6,3
5996,6,6
5997,7,5
5998,7,6
5999,6,4
6000,6,4
6001,6,2
6002,6,4
6003,6,4
6004,7,1
6005,6,1
6006,6,4
6007,6,4
6008,6,6
6009,6,6
6010,7,7
6011,6,6
6012,6,3
6013,6,6
6014,6,5
6015,6,5
6016,6,0
6017,6,5
6018,6,6
6019,8,5
6020,6,4
6021,6,3
6022,6,0
6023,6,5
6024,7,5
6025,6,6
6026,6,3
6027,6,2
6028,6,1
6029,6,4
6030,6,2
6031,6,1
6032,6,6
6033,8,8
6034,6,3
6035,6,6
6036,7,1
6037,6,6
6038,6,2
6039,6,6
6040,6,6
6041,6,4
6042,6,4
6043,6,3
6044,7,6
6045,6,4
6046,6,3
6047,7,5
6048,6,2
6049,6,6
6050,6,3
6051,6,5
6052,6,4
6053,6,1
6054,6,2
6055,6,6
6056,6,4
6057,6,4
6058,7,5
6059,7,6
6060,6,1
6061,6,4
6062,7,2
6063,7,3
6064,6,2
6065,6,2
6066,6,3
6067,6,6
6068,6,3
6069,6,3
6070,6,6
6071,6,6
6072,6,0
6073,6,3
6074,6,3
6075,6,4
6076,7,2
6077,6,6
6078,6,4
6079,7,6
6080,6,6
6081,7,7
6082,6,4
6083,6,6
6084,6,5
6085,6,0
6086,7,5
6087,6,4
6088,6,0
6089,6,6
6090,6,0
6091,6,6
6092,6,3
6093,6,1
6094,6,2
6095,8,3
6096,8,6
6097,6,5
6098,6,6
6099,6,5
6100,6,6
6101,6,5
6102,6,5
6103,6,4
6104,6,5
6105,6,6
6106,6,6
6107,6,3
6108,6,6
6109,6,2
6110,6,6
6111,6,3
6112,6,5
6113,8,2
6114,6,2
6115,6,6
6116,6,6
6117,6,6
6118,7,7
6119,6,2
6120,6,4
6121,6,6
6122,6,1
6123,6,1
6124,6,5
6125,6,3
6126,6,6
6127,6,5
6128,6,5
6129,6,2
6130,6,0
6131,6,4
6132,6,1
6133,6,6
6134,6,6
6135,6,3
6136,6,1
6137,6,6
6138,6,5
6139,6,5
6140,6,4
6141,6,6
6142,6,4
6143,6,3
6144,6,2
6145,7,3
6146,6,2
6147,8,7
6148,6,4
6149,7,3
6150,7,3
6151,6,6
6152,6,3
6153,6,5
6154,6,4
6155,6,3
6156,7,7
6157,6,4
6158,6,4
6159,6,4
6160,6,6
6161,6,4
6162,6,5
6163,6,4
6164,6,2
6165,6,5
6166,6,4
6167,6,6
6168,7,7
6169,8,8
6170,6,2
6171,6,1
6172,6,2
6173,7,2
6174,6,2
6175,6,2
6176,6,6
6177,6,1
6178,6,2
6179,6,4
6180,6,6
6181,6,3
6182,6,2
6183,6,0
6184,6,6
6185,6,6
6186,6,5
6187,6,4
6188,6,4
6189,6,4
6190,6,4
6191,6,5
6192,6,3
6193,6,4
6194,6,2
6195,6,0
6196,6,6
6197,6,5
6198,6,5
6199,6,3
6200,7,6
6201,6,5
6202,6,4
6203,6,4
6204,6,2
6205,7,3
6206,6,1
6207,6,6
6208,6,4
6209,6,6
6210,6,5
6211,6,6
6212,6,4
6213,6,5
6214,6,6
6215,6,6
6216,7,7
6217,6,3
6218,6,1
6219,6,4
6220,6,4
6221,6,6
6222,7,5
6223,6,1
6224,6,6
6225,6,6
6226,6,3
6227,6,6
6228,6,5
6229,6,4
6230,6,4
6231,6,3
6232,6,6
6233,7,6
6234,6,4
6235,6,5
6236,6,2
6237,6,6
6238,6,6
6239,6,1
6240,6,3
6241,6,0
6242,6,5
6243,6,3
6244,6,4
6245,6,1
6246,6,2
6247,6,3
6248,6,6
6249,6,4
6250,6,6
6251,7,2
6252,6,2
6253,6,4
6254,6,1
6255,6,4
6256,6,6
6257,6,6
6258,6,2
6259,6,5
6260,6,6
6261,6,4
6262,6,4
6263,6,4
6264,6,5
6265,6,5
6266,6,6
6267,6,6
6268,6,2
6269,7,4
6270,6,5
6271,6,4
6272,6,2
6273,7,7
6274,6,4
6275,6,2
6276,6,6
6277,7,5
6278,6,6
6279,6,4
6280,6,6
6281,6,6
6282,6,2
6283,6,6
6284,6,1
6285,6,3
6286,6,5
6287,6,6
6288,6,1
6289,6,2
6290,6,5
6291,6,5
6292,6,6
6293,6,6
6294,6,5
6295,6,2
6296,6,4
6297,6,2
6298,6,3
6299,6,3
6300,6,6
6301,6,5
6302,6,4
6303,6,4
6304,6,4
6305,6,3
6306,6,0
6307,7,5
6308,6,4
6309,6,4
6310,6,5
6311,6,4
6312,6,4
6313,6,0
6314,6,6
6315,6,0
6316,6,2
6317,6,2
6318,6,4
6319,6,6
6320,6,6
6321,6,4
6322,6,2
6323,6,5
6324,6,2
6325,6,2
6326,6,4
6327,6,6
6328,6,6
6329,6,6
6330,6,6
6331,6,2
6332,7,5
6333,6,1
6334,6,3
6335,6,2
6336,6,5
6337,6,5
6338,6,2
6339,6,3
6340,6,3
6341,6,4
6342,6,6
6343,6,3
6344,6,1
6345,6,2
6346,6,0
6347,6,0
6348,6,5
6349,7,3
6350,6,6
6351,6,6
6352,6,6
6353,6,2
6354,6,0
6355,7,2
6356,6,6
6357,6,3
6358,6,3
6359,6,6
6360,6,5
6361,6,6
6362,6,3
6363,6,2
6364,6,6
6365,6,5
6366,6,4
6367,7,1
6368,6,6
6369,6,6
6370,7,5
6371,6,4
6372,6,6
6373,6,0
6374,6,6
6375,6,6
6376,7,4
6377,7,3
6378,6,4
6379,6,3
6380,6,6
6381,6,1
6382,6,2
6383,6,6
6384,6,4
6385,6,5
6386,6,6
6387,6,1
6388,7,7
6389,6,6
6390,6,0
6391,6,6
6392,6,6
6393,7,5
6394,6,6
6395,7,5
6396,6,4
6397,6,3
6398,6,0
6399,6,6
6400,6,6
6401,6,2
6402,6,1
6403,6,6
6404,6,6
6405,6,2
6406,6,2
6407,6,4
6408,6,5
6409,6,4
6410,6,3
6411,6,1
6412,7,5
6413,7,7
6414,6,5
6415,6,1
6416,6,4
6417,6,1
6418,6,4
6419,6,6
6420,6,0
6421,6,6
6422,6,2
6423,6,4
6424,7,3
6425,6,3
6426,7,7
6427,6,4
6428,6,0
6429,6,4
6430,7,7
6431,6,2
6432,6,4
6433,6,4
6434,6,5
6435,6,6
6436,6,4
6437,6,4
6438,6,6
6439,6,6
6440,7,5
6441,6,2
6442,6,6
6443,6,4
6444,6,2
6445,6,6
6446,6,6
6447,6,4
6448,6,3
6449,6,5
6450,6,2
6451,6,4
6452,6,2
6453,6,2
6454,6,0
6455,7,4
6456,6,5
6457,6,0
6458,6,3
6459,7,7
6460,7,6
6461,6,5
6462,6,4
6463,6,5
6464,7,7
6465,6,2
6466,7,7
6467,6,6
6468,6,6
6469,6,4
6470,6,5
6471,6,5
6472,6,4
6473,6,4
6474,6,2
6475,7,6
6476,6,5
6477,6,4
6478,6,6
6479,6,5
6480,6,2
6481,6,6
6482,6,3
6483,6,4
6484,6,6
6485,6,4
6486,6,5
6487,6,3
6488,7,5
6489,7,6
6490,7,5
6491,6,5
6492,6,6
6493,6,6
6494,6,4
6495,6,6
6496,6,2
6497,7,5
6498,6,6
6499,6,4
6500,6,3
6501,6,3
6502,6,5
6503,6,4
6504,7,6
6505,8,6
6506,6,5
6507,6,2
6508,6,0
6509,6,6
6510,6,6
6511,7,3
6512,6,6
6513,6,1
6514,6,4
6515,6,4
6516,6,6
6517,6,4
6518,6,6
6519,6,3
6520,6,6
6521,6,4
6522,6,6
6523,6,6
6524,6,3
6525,6,2
6526,6,4
6527,6,4
6528,6,6
6529,6,6
6530,6,6
6531,6,5
6532,6,4
6533,6,4
6534,7,7
6535,6,2
6536,6,2
6537,6,6
6538,6,2
6539,6,2
6540,6,2
6541,6,1
6542,7,2
6543,6,2
6544,6,6
6545,6,4
6546,6,5
6547,6,5
6548,6,4
6549,6,6
6550,6,4
6551,6,6
6552,6,3
6553,6,6
6554,6,0
6555,6,6
6556,6,2
6557,6,2
6558,6,1
6559,6,6
6560,7,7
6561,6,2
6562,6,5
6563,6,6
6564,6,4
6565,6,1
6566,7,3
6567,6,2
6568,6,6
6569,6,6
6570,6,5
6571,7,4
6572,6,2
6573,6,5
6574,6,3
6575,6,6
6576,6,6
6577,6,6
6578,6,4
6579,7,6
6580,6,2
6581,6,6
6582,6,0
6583,6,4
6584,8,8
6585,6,2
6586,6,6
6587,6,2
6588,6,5
6589,6,6
6590,6,0
6591,6,6
6592,6,1
6593,6,2
6594,7,7
6595,6,1
6596,6,4
6597,6,2
6598,6,5
6599,6,3
6600,6,5
6601,6,6
6602,6,6
6603,6,4
6604,6,4
6605,6,0
6606,7,6
6607,6,6
6608,6,1
6609,7,5
6610,6,0
6611,6,3
6612,7,5
6613,6,5
6614,6,6
6615,6,2
6616,6,4
6617,6,4
6618,8,0
6619,6,6
6620,6,4
6621,6,4
6622,6,6
6623,7,7
6624,6,0
6625,6,6
6626,6,2
6627,6,5
6628,8,4
6629,6,5
6630,6,5
6631,6,6
6632,6,2
6633,6,6
6634,6,6
6635,6,2
6636,6,2
6637,6,6
6638,6,2
6639,7,5
6640,6,6
6641,6,6
6642,8,6
6643,6,6
6644,7,5
6645,6,1
6646,6,4
6647,6,6
6648,6,5
6649,6,2
6650,7,3
6651,7,7
6652,6,5
6653,6,6
6654,6,2
6655,6,3
6656,7,7
6657,6,2
6658,6,1
6659,6,6
6660,6,6
6661,7,3
6662,6,4
6663,6,4
6664,6,4
6665,6,6
6666,6,2
6667,7,3
6668,6,3
6669,6,0
6670,6,2
6671,6,4
6672,6,1
6673,6,2
6674,6,5
6675,7,2
6676,6,3
6677,6,0
6678,6,1
6679,6,5
6680,6,1
6681,6,6
6682,6,0
6683,6,4
6684,7,0
6685,6,6
6686,6,3
6687,6,6
6688,6,3
6689,6,2
6690,6,6
6691,6,1
6692,6,5
6693,6,2
6694,6,4
6695,6,2
6696,6,4
6697,6,4
6698,6,5
6699,6,6
6700,7,0
6701,6,0
6702,6,6
6703,6,1
6704,6,2
6705,6,4
6706,6,4
6707,6,6
6708,6,5
6709,6,4
6710,6,6
6711,6,4
6712,6,6
6713,6,4
6714,6,2
6715,6,2
6716,7,4
6717,6,2
6718,6,6
6719,7,7
6720,7,6
6721,6,3
6722,6,3
6723,6,0
6724,7,7
6725,6,6
6726,6,3
6727,6,5
6728,6,2
6729,6,5
6730,6,2
6731,8,6
6732,6,1
6733,6,6
6734,6,3
6735,6,6
6736,6,4
6737,6,5
6738,6,4
6739,7,5
6740,6,4
6741,6,0
6742,6,6
6743,6,0
6744,6,6
6745,6,5
6746,6,3
6747,6,3
6748,6,6
6749,6,4
6750,6,6
6751,6,6
6752,6,4
6753,6,6
6754,6,6
6755,6,4
6756,6,5
6757,6,5
6758,7,4
6759,6,6
6760,6,6
6761,6,6
6762,6,3
6763,6,3
6764,7,4
6765,7,7
6766,6,3
6767,6,4
6768,6,6
6769,7,3
6770,6,6
6771,6,2
6772,6,4
6773,6,5
6774,6,4
6775,6,0
6776,6,5
6777,6,3
6778,6,1
6779,6,6
6780,6,6
6781,6,5
6782,6,3
6783,7,6
6784,6,6
6785,6,2
6786,6,4
6787,6,1
6788,6,0
6789,6,6
6790,6,5
6791,6,6
6792,6,6
6793,6,1
6794,6,6
6795,6,6
6796,6,3
6797,6,6
6798,6,5
6799,7,1
6800,6,5
6801,6,6
6802,6,1
6803,6,5
6804,6,5
6805,6,2
6806,6,4
6807,6,6
6808,6,1
6809,6,6
6810,6,6
6811,6,4
6812,7,7
6813,6,6
6814,6,3
6815,6,6
6816,6,6
6817,6,2
6818,6,6
6819,6,3
6820,7,6
6821,6,4
6822,6,6
6823,6,4
6824,6,6
6825,7,3
6826,6,4
6827,6,4
6828,6,1
6829,6,2
6830,6,6
6831,6,4
6832,6,5
6833,8,6
6834,6,6
6835,6,0
6836,6,2
6837,6,4
6838,6,2
6839,6,4
6840,6,2
6841,6,3
6842,6,1
6843,6,5
6844,6,2
6845,7,6
6846,6,6
6847,6,6
6848,6,4
6849,6,6
6850,8,8
6851,6,6
6852,7,7
6853,6,2
6854,7,4
6855,6,0
6856,6,4
6857,6,6
6858,7,7
6859,6,0
6860,6,4
6861,6,6
6862,6,2
6863,6,6
6864,6,4
6865,6,5
6866,6,2
6867,8,7
6868,7,2
6869,6,6
6870,6,6
6871,6,5
6872,6,2
6873,6,4
6874,6,4
6875,6,6
6876,6,6
6877,6,2
6878,6,6
6879,6,6
6880,7,7
6881,6,2
6882,6,2
6883,6,4
6884,8,7
6885,6,3
6886,6,4
6887,6,6
6888,6,4
6889,6,0
6890,6,5
6891,6,4
6892,6,1
6893,6,2
6894,6,6
6895,6,3
6896,6,4
6897,6,0
6898,6,6
6899,8,6
6900,6,6
6901,6,5
6902,6,4
6903,6,6
6904,6,6
6905,6,6
6906,6,6
6907,6,4
6908,6,5
6909,6,5
6910,6,3
6911,6,0
6912,6,4
6913,6,4
6914,6,5
6915,6,2
6916,6,6
6917,6,6
6918,6,6
6919,6,2
6920,7,7
6921,6,2
6922,6,4
6923,7,6
6924,6,1
6925,6,2
6926,7,1
6927,6,6
6928,6,1
6929,7,7
6930,6,5
6931,8,5
6932,6,4
6933,7,7
6934,6,6
6935,6,6
6936,6,3
6937,6,6
6938,6,2
6939,6,6
6940,6,2
6941,6,6
6942,6,5
6943,6,6
6944,7,3
6945,6,4
6946,6,6
6947,6,2
6948,6,4
6949,6,2
6950,6,1
6951,6,6
6952,6,6
6953,6,1
6954,6,5
6955,6,3
6956,6,2
6957,6,2
6958,6,6
6959,6,6
6960,6,0
6961,7,7
6962,6,6
6963,6,6
6964,6,3
6965,6,4
6966,6,4
6967,6,6
6968,6,4
6969,6,4
6970,6,6
6971,6,1
6972,6,6
6973,6,2
6974,6,5
6975,6,3
6976,6,4
6977,6,2
6978,6,6
6979,6,6
6980,6,0
6981,6,2
6982,8,3
6983,6,5
6984,6,4
6985,6,4
6986,6,5
6987,7,7
6988,6,0
6989,6,5
6990,6,0
6991,6,1
6992,6,0
6993,6,4
6994,6,3
6995,6,6
6996,6,6
6997,6,5
6998,6,3
6999,7,3
7000,8,8
7001,6,4
7002,6,4
7003,6,6
7004,7,7
7005,6,6
7006,6,6
7007,6,5
7008,6,6
7009,6,2
7010,6,4
7011,6,6
7012,6,1
7013,6,4
7014,6,5
7015,7,7
7016,6,4
7017,6,6
7018,6,6
7019,6,6
7020,6,0
7021,6,4
7022,6,4
7023,6,6
7024,7,7
7025,6,4
7026,6,4
7027,6,6
7028,6,4
7029,6,6
7030,6,6
7031,7,3
7032,6,6
7033,6,1
7034,6,6
7035,7,5
7036,6,6
7037,6,4
7038,6,5
7039,6,3
7040,6,6
7041,6,1
7042,6,6
7043,6,6
7044,6,5
7045,6,4
7046,6,2
7047,6,4
7048,6,0
7049,6,3
7050,6,4
7051,6,6
7052,6,4
7053,6,1
7054,6,4
7055,6,5
7056,6,4
7057,6,6
7058,6,5
7059,6,6
7060,6,2
7061,6,6
7062,6,6
7063,6,4
7064,6,3
7065,6,6
7066,6,2
7067,6,6
7068,6,4
7069,6,6
7070,6,0
7071,6,6
7072,7,7
7073,6,2
7074,6,6
7075,6,3
7076,6,6
7077,6,2
7078,6,4
7079,6,0
7080,6,1
7081,6,0
7082,6,4
7083,6,6
7084,6,2
7085,6,3
7086,6,6
7087,6,6
7088,6,3
7089,6,4
7090,7,7
7091,7,7
7092,7,2
7093,6,5
7094,6,5
7095,6,6
7096,8,4
7097,6,5
7098,6,4
7099,6,6
7100,6,6
7101,6,6
7102,6,6
7103,6,4
7104,6,0
7105,6,6
7106,6,1
7107,6,5
7108,6,4
7109,6,1
7110,6,6
7111,6,6
7112,7,2
7113,6,6
7114,7,5
7115,6,5
7116,6,5
7117,6,6
7118,6,4
7119,6,6
7120,6,1
7121,7,1
7122,6,4
7123,6,4
7124,6,5
7125,6,4
7126,6,5
7127,6,6
7128,8,6
7129,6,6
7130,6,0
7131,6,0
7132,6,6
7133,6,4
7134,6,3
7135,6,4
7136,6,2
7137,6,3
7138,6,4
7139,6,2
7140,6,4
7141,6,2
7142,6,6
7143,6,6
7144,6,2
7145,6,4
7146,6,4
7147,6,6
7148,6,5
7149,6,4
7150,6,6
7151,6,3
7152,6,3
7153,6,6
7154,6,3
7155,6,0
7156,6,0
7157,6,4
7158,6,5
7159,6,4
7160,6,4
7161,6,1
7162,6,6
7163,6,6
7164,6,6
7165,6,6
7166,6,3
7167,6,3
7168,6,1
7169,6,6
7170,6,6
7171,6,6
7172,6,6
7173,6,0
7174,6,0
7175,6,0
7176,6,4
7177,6,0
7178,6,4
7179,6,6
7180,7,7
7181,6,6
7182,7,5
7183,6,5
7184,6,3
7185,6,0
7186,6,0
7187,6,2
7188,6,3
7189,7,7
7190,6,6
7191,6,5
7192,6,6
7193,6,0
7194,6,3
7195,6,2
7196,6,6
7197,6,6
7198,6,6
7199,6,1
7200,7,4
7201,6,4
7202,6,4
7203,6,6
7204,6,2
7205,6,1
7206,6,6
7207,6,1
7208,6,3
7209,6,6
7210,6,5
7211,6,6
7212,6,3
7213,6,4
7214,6,4
7215,6,2
7216,6,6
7217,7,6
7218,7,7
7219,6,5
7220,8,7
7221,6,2
7222,6,1
7223,6,5
7224,8,6
7225,6,2
7226,6,3
7227,6,6
7228,6,1
7229,6,6
7230,6,1
7231,6,2
7232,6,5
7233,6,4
7234,6,5
7235,6,6
7236,6,4
7237,6,5
7238,6,0
7239,6,6
7240,6,6
7241,6,6
7242,6,6
7243,6,4
7244,6,2
7245,6,6
7246,6,3
7247,6,5
7248,6,2
7249,6,6
7250,7,7
7251,6,6
7252,6,4
7253,6,0
7254,7,6
7255,6,4
7256,6,4
7257,6,5
7258,6,4
7259,6,0
7260,6,6
7261,6,2
7262,6,4
7263,6,1
7264,6,5
7265,6,4
7266,6,6
7267,6,2
7268,6,1
7269,6,6
7270,7,4
7271,6,4
7272,6,1
7273,6,2
7274,6,4
7275,6,6
7276,6,2
7277,6,4
7278,6,5
7279,6,0
7280,6,4
7281,6,6
7282,6,3
7283,7,0
7284,6,1
7285,6,4
7286,6,5
7287,6,3
7288,6,2
7289,6,6
7290,6,6
7291,7,7
7292,6,5
7293,6,4
7294,6,3
7295,6,2
7296,7,2
7297,6,2
7298,6,6
7299,6,1
7300,6,5
7301,6,2
7302,6,6
7303,6,4
7304,6,5
7305,6,6
7306,6,2
7307,6,5
7308,6,2
7309,6,0
7310,6,3
7311,6,0
7312,6,2
7313,6,6
7314,6,2
7315,6,2
7316,7,5
7317,6,5
7318,6,6
7319,6,4
7320,6,2
7321,6,5
7322,7,2
7323,6,6
7324,6,4
7325,7,7
7326,6,1
7327,6,6
7328,6,6
7329,6,0
7330,6,5
7331,6,3
7332,6,1
7333,6,6
7334,6,6
7335,6,2
7336,6,4
7337,6,1
7338,6,6
7339,6,4
7340,6,4
7341,6,6
7342,6,2
7343,6,4
7344,6,0
7345,6,5
7346,6,4
7347,7,4
7348,6,4
7349,6,6
7350,6,5
7351,6,1
7352,6,0
7353,6,6
7354,6,5
7355,6,6
7356,6,0
7357,6,5
7358,6,3
7359,6,6
7360,6,6
7361,6,2
7362,6,5
7363,6,4
7364,6,2
7365,6,5
7366,6,4
7367,6,1
7368,6,0
7369,7,4
7370,6,2
7371,6,1
7372,6,2
7373,6,6
7374,6,0
7375,6,2
7376,6,4
7377,6,4
7378,6,4
7379,6,2
7380,7,7
7381,6,5
7382,7,6
7383,6,4
7384,6,2
7385,6,2
7386,6,6
7387,6,4
7388,6,5
7389,7,5
7390,6,3
7391,6,6
7392,6,5
7393,7,6
7394,6,0
7395,6,1
7396,7,3
7397,6,2
7398,6,4
7399,6,1
7400,6,0
7401,6,6
7402,6,6
7403,6,4
7404,6,0
7405,6,6
7406,6,4
7407,6,6
7408,6,2
7409,6,4
7410,6,6
7411,6,4
7412,6,1
7413,8,4
7414,6,6
7415,6,1
7416,6,6
7417,7,3
7418,6,2
7419,6,6
7420,6,3
7421,6,2
7422,6,4
7423,6,6
7424,8,3
7425,6,1
7426,6,4
7427,6,6
7428,6,3
7429,6,0
7430,8,2
7431,6,3
7432,6,4
7433,6,1
7434,6,4
7435,6,0
7436,6,3
7437,6,6
7438,6,6
7439,6,1
7440,6,6
7441,6,2
7442,6,1
7443,6,0
7444,6,5
7445,6,4
7446,6,3
7447,6,6
7448,6,2
7449,6,4
7450,7,5
7451,6,6
7452,6,4
7453,6,2
7454,6,5
7455,6,6
7456,6,6
7457,6,4
7458,6,3
7459,6,6
7460,6,1
7461,6,3
7462,6,6
7463,6,6
7464,7,4
7465,6,3
7466,6,2
7467,6,2
7468,6,3
7469,6,6
7470,6,3
7471,6,5
7472,6,5
7473,6,4
7474,6,6
7475,6,6
7476,6,6
7477,6,2
7478,6,3
7479,6,2
7480,6,6
7481,6,3
7482,6,4
7483,6,6
7484,6,6
7485,6,4
7486,6,3
7487,6,4
7488,6,3
7489,8,7
7490,6,6
7491,6,6
7492,6,2
7493,6,5
7494,6,2
7495,6,4
7496,6,6
7497,6,6
7498,7,4
7499,6,6
7500,6,6
7501,6,2
7502,6,6
7503,6,2
7504,6,3
7505,6,5
7506,6,6
7507,6,6
7508,6,3
7509,6,6
7510,6,1
7511,6,6
7512,6,6
7513,6,2
7514,6,6
7515,6,4
7516,6,6
7517,6,2
7518,7,7
7519,6,3
7520,6,2
7521,7,6
7522,7,5
7523,6,2
7524,6,4
7525,6,5
7526,6,3
7527,6,6
7528,8,8
7529,6,1
7530,6,4
7531,6,0
7532,6,4
7533,6,6
7534,6,2
7535,6,3
7536,6,1
7537,6,3
7538,6,4
7539,6,3
7540,6,4
7541,6,5
7542,6,3
7543,6,6
7544,6,6
7545,6,1
7546,6,5
7547,6,2
7548,6,2
7549,6,6
7550,6,6
7551,6,4
7552,6,1
7553,6,6
7554,6,4
7555,6,4
7556,8,6
7557,6,2
7558,6,6
7559,6,4
7560,6,2
7561,6,6
7562,6,2
7563,6,6
7564,6,5
7565,6,6
7566,6,2
7567,6,4
7568,6,6
7569,6,6
7570,6,6
7571,6,6
7572,6,0
7573,6,5
7574,6,4
7575,6,6
7576,6,6
7577,6,4
7578,6,2
7579,6,0
7580,6,6
7581,6,6
7582,6,4
7583,6,6
7584,6,3
7585,6,2
7586,6,0
7587,6,0
7588,6,6
7589,7,1
7590,6,6
7591,6,5
7592,6,4
7593,6,4
7594,6,6
7595,6,6
7596,7,5
7597,6,2
7598,8,8
7599,6,2
7600,6,4
7601,6,4
7602,6,5
7603,6,5
7604,6,3
7605,6,6
7606,8,3
7607,6,5
7608,6,3
7609,6,6
7610,6,6
7611,6,4
7612,7,2
7613,6,5
7614,6,2
7615,6,6
7616,6,0
7617,6,6
7618,6,5
7619,6,2
7620,6,6
7621,6,5
7622,6,4
7623,6,4
7624,6,3
7625,6,6
7626,6,2
7627,7,7
7628,6,5
7629,6,6
7630,6,5
7631,6,0
7632,6,4
7633,6,0
7634,6,5
7635,6,2
7636,6,3
7637,6,6
7638,7,3
7639,6,2
7640,6,4
7641,6,4
7642,6,6
7643,6,5
7644,6,4
7645,6,3
7646,6,4
7647,6,2
7648,6,6
7649,6,6
7650,6,5
7651,6,6
7652,6,5
7653,6,5
7654,6,6
7655,6,5
7656,6,6
7657,6,2
7658,6,0
7659,6,4
7660,8,4
7661,6,3
7662,6,4
7663,6,6
7664,6,4
7665,6,6
7666,6,6
7667,7,3
7668,6,5
7669,6,4
7670,6,2
7671,6,3
7672,6,0
7673,6,6
7674,6,4
7675,6,2
7676,7,5
7677,6,4
7678,6,4
7679,7,4
7680,6,2
7681,6,4
7682,6,4
7683,6,1
7684,6,4
7685,6,5
7686,6,0
7687,6,6
7688,6,3
7689,6,6
7690,6,6
7691,6,4
7692,6,5
7693,7,0
7694,6,0
7695,6,6
7696,6,2
7697,6,3
7698,6,6
7699,6,4
7700,7,5
7701,6,6
7702,6,2
7703,6,6
7704,6,4
7705,6,1
7706,6,0
7707,6,6
7708,6,6
7709,6,1
7710,6,5
7711,6,4
7712,6,5
7713,7,5
7714,6,5
7715,7,2
7716,6,4
7717,6,5
7718,6,6
7719,6,5
7720,6,3
7721,6,5
7722,7,7
7723,7,4
7724,6,5
7725,7,7
7726,6,0
7727,6,0
7728,6,1
7729,6,2
7730,6,2
7731,6,5
7732,6,4
7733,6,6
7734,6,0
7735,6,3
7736,6,0
7737,6,4
7738,6,4
7739,6,6
7740,6,2
7741,6,1
7742,6,4
7743,6,6
7744,6,1
7745,6,4
7746,6,6
7747,6,4
7748,6,4
7749,6,4
7750,6,5
7751,6,6
7752,6,5
7753,6,5
7754,7,5
7755,6,4
7756,6,4
7757,6,5
7758,6,4
7759,6,4
7760,6,6
7761,7,7
7762,7,0
7763,6,2
7764,6,3
7765,6,6
7766,6,0
7767,6,6
7768,6,6
7769,6,6
7770,8,4
7771,6,4
7772,6,0
7773,6,3
7774,6,3
7775,6,5
7776,6,3
7777,6,6
7778,6,6
7779,6,4
7780,7,7
7781,7,7
7782,6,6
7783,6,3
7784,6,1
7785,6,6
7786,6,5
7787,6,6
7788,6,6
7789,6,5
7790,6,4
7791,6,6
7792,6,2
7793,6,3
7794,6,6
7795,6,6
7796,7,7
7797,6,0
7798,6,5
7799,6,2
7800,7,4
7801,6,2
7802,6,3
7803,6,4
7804,6,2
7805,6,4
7806,6,1
7807,6,3
7808,7,1
7809,6,2
7810,6,5
7811,6,1
7812,7,5
7813,6,2
7814,7,5
7815,7,3
7816,6,2
7817,6,6
7818,6,4
7819,6,4
7820,6,6
7821,6,5
7822,6,4
7823,6,4
7824,6,6
7825,6,6
7826,6,3
7827,6,2
7828,6,1
7829,6,4
7830,6,2
7831,6,6
7832,7,3
7833,6,4
7834,6,4
7835,6,6
7836,7,2
7837,6,4
7838,6,6
7839,6,6
7840,6,5
7841,6,6
7842,7,6
7843,6,3
7844,6,0
7845,6,6
7846,6,6
7847,6,5
7848,6,6
7849,6,0
7850,6,6
7851,6,6
7852,8,8
7853,6,6
7854,6,4
7855,6,5
7856,6,3
7857,6,5
7858,6,0
7859,6,2
7860,7,6
7861,6,4
7862,6,4
7863,6,6
7864,6,4
7865,6,5
7866,6,6
7867,6,5
7868,7,7
7869,6,3
7870,6,5
7871,6,4
7872,6,3
7873,6,4
7874,7,5
7875,6,4
7876,6,1
7877,7,4
7878,6,6
7879,6,4
7880,6,6
7881,6,4
7882,6,6
7883,6,5
7884,6,2
7885,7,7
7886,6,5
7887,6,3
7888,6,4
7889,6,0
7890,6,2
7891,6,2
7892,6,6
7893,6,4
7894,6,0
7895,6,6
7896,6,2
7897,6,4
7898,6,6
7899,6,6
7900,6,4
7901,6,1
7902,6,3
7903,6,6
7904,6,2
7905,6,3
7906,6,5
7907,6,5
7908,6,6
7909,6,5
7910,6,6
7911,6,4
7912,7,3
7913,6,4
7914,6,0
7915,6,2
7916,6,5
7917,6,4
7918,6,4
7919,6,4
7920,6,4
7921,7,3
7922,8,8
7923,6,2
7924,7,7
7925,6,2
7926,6,2
7927,6,6
7928,6,2
7929,6,6
7930,6,6
7931,6,0
7932,8,8
7933,6,3
7934,6,3
7935,6,2
7936,6,4
7937,7,0
7938,6,5
7939,6,6
7940,6,0
7941,6,0
7942,6,6
7943,7,1
7944,6,6
7945,7,4
7946,6,3
7947,6,5
7948,6,4
7949,6,1
7950,6,6
7951,6,5
7952,6,2
7953,6,6
7954,6,2
7955,7,7
7956,6,6
7957,6,6
7958,6,6
7959,6,5
7960,6,3
7961,6,6
7962,6,6
7963,6,6
7964,6,4
7965,6,6
7966,7,4
7967,6,6
7968,6,2
7969,6,4
7970,6,3
7971,6,0
7972,7,3
7973,6,6
7974,6,2
7975,6,6
7976,6,2
7977,7,6
7978,6,4
7979,6,0
7980,6,4
7981,6,2
7982,6,1
7983,6,5
7984,6,0
7985,6,5
7986,7,6
7987,7,4
7988,6,6
7989,6,4
7990,6,2
7991,6,6
7992,6,4
7993,6,5
7994,6,1
7995,7,7
7996,6,6
7997,6,6
7998,6,2
7999,6,6
8000,6,6
8001,6,2
8002,6,4
8003,6,3
8004,6,6
8005,6,6
8006,6,3
8007,6,1
8008,6,3
8009,6,6
8010,6,4
8011,6,4
8012,6,6
8013,6,6
8014,6,6
8015,6,3
8016,6,5
8017,6,6
8018,6,6
8019,6,6
8020,6,6
8021,6,3
8022,7,3
8023,6,6
8024,6,3
8025,6,4
8026,6,4
8027,6,6
8028,6,6
8029,6,4
8030,6,6
8031,6,5
8032,6,6
8033,6,2
8034,6,5
8035,6,5
8036,6,1
8037,6,1
8038,6,5
8039,7,3
8040,6,6
8041,6,6
8042,6,6
8043,6,2
8044,6,3
8045,7,5
8046,6,6
8047,6,6
8048,6,2
8049,6,6
8050,7,5
8051,6,6
8052,7,7
8053,6,5
8054,6,4
8055,6,6
8056,6,5
8057,6,5
8058,6,5
8059,7,6
8060,6,2
8061,6,6
8062,8,4
8063,6,4
8064,6,2
8065,6,6
8066,6,5
8067,6,5
8068,6,6
8069,6,2
8070,6,0
8071,6,5
8072,6,4
8073,6,2
8074,6,6
8075,8,6
8076,7,7
8077,6,6
8078,6,6
8079,6,6
8080,7,5
8081,6,0
8082,6,5
8083,6,4
8084,6,2
8085,6,3
8086,6,2
8087,6,1
8088,6,4
8089,6,6
8090,6,0
8091,6,5
8092,6,6
8093,6,6
8094,6,6
8095,6,6
8096,6,4
8097,6,6
8098,6,6
8099,6,5
8100,7,7
8101,6,5
8102,6,4
8103,6,6
8104,7,5
8105,6,6
8106,6,3
8107,6,6
8108,6,6
8109,6,5
8110,6,6
8111,6,4
8112,6,3
8113,6,6
8114,7,3
8115,7,4
8116,6,4
8117,6,1
8118,6,6
8119,6,6
8120,6,5
8121,6,2
8122,6,4
8123,6,5
8124,6,6
8125,6,5
8126,6,2
8127,6,4
8128,6,6
8129,6,6
8130,6,6
8131,6,5
8132,6,6
8133,6,6
8134,6,6
8135,6,2
8136,6,2
8137,7,2
8138,6,5
8139,6,6
8140,6,1
8141,6,5
8142,6,6
8143,6,6
8144,6,1
8145,6,6
8146,7,5
8147,6,5
8148,6,2
8149,6,2
8150,6,0
8151,6,0
8152,6,5
8153,6,6
8154,6,6
8155,6,6
8156,6,1
8157,6,6
8158,6,4
8159,6,3
8160,8,6
8161,6,4
8162,7,6
8163,6,3
8164,6,3
8165,6,6
8166,6,2
8167,6,6
8168,6,4
8169,8,7
8170,6,2
8171,7,2
8172,6,0
8173,6,4
8174,6,2
8175,6,4
8176,6,5
8177,7,7
8178,6,5
8179,7,1
8180,7,7
8181,6,6
8182,7,5
8183,6,6
8184,6,4
8185,6,4
8186,6,5
8187,6,6
8188,6,1
8189,6,6
8190,6,5
8191,6,6
8192,6,5
8193,6,4
8194,7,4
8195,6,6
8196,7,4
8197,6,6
8198,6,2
8199,6,5
8200,6,4
8201,8,4
8202,6,5
8203,6,6
8204,6,1
8205,7,7
8206,6,2
8207,7,3
8208,6,5
8209,6,2
8210,6,2
8211,6,3
8212,6,6
8213,6,5
8214,6,6
8215,6,6
8216,7,5
8217,6,3
8218,6,6
8219,6,2
8220,7,4
8221,6,6
8222,7,7
8223,6,0
8224,6,5
8225,6,4
8226,7,4
8227,6,4
8228,6,6
8229,6,6
8230,6,4
8231,7,5
8232,6,0
8233,6,4
8234,6,2
8235,6,0
8236,6,4
8237,6,3
8238,6,6
8239,6,5
8240,7,6
8241,6,3
8242,6,5
8243,6,4
8244,6,4
8245,6,6
8246,6,0
8247,6,6
8248,6,6
8249,6,4
8250,6,3
8251,6,5
8252,6,2
8253,6,6
8254,6,6
8255,6,6
8256,6,2
8257,6,2
8258,6,1
8259,6,2
8260,6,6
8261,6,4
8262,6,2
8263,6,6
8264,6,6
8265,6,2
8266,6,5
8267,7,5
8268,6,4
8269,7,7
8270,6,1
8271,6,6
8272,6,6
8273,6,6
8274,6,3
8275,6,6
8276,6,1
8277,6,6
8278,6,3
8279,6,4
8280,7,0
8281,7,2
8282,6,5
8283,6,6
8284,6,0
8285,6,6
8286,6,5
8287,6,3
8288,6,6
8289,6,2
8290,6,6
8291,6,3
8292,6,6
8293,6,0
8294,6,6
8295,6,2
8296,6,6
8297,6,6
8298,6,5
8299,6,0
8300,7,3
8301,6,2
8302,6,2
8303,6,0
8304,6,5
8305,6,1
8306,6,3
8307,6,6
8308,6,2
8309,7,4
8310,6,5
8311,6,2
8312,6,4
8313,6,6
8314,7,7
8315,6,4
8316,6,5
8317,6,5
8318,6,2
8319,6,5
8320,6,6
8321,6,4
8322,6,6
8323,6,6
8324,6,3
8325,6,3
8326,6,3
8327,6,4
8328,6,3
8329,6,4
8330,6,4
8331,6,5
8332,7,5
8333,6,3
8334,6,0
8335,6,0
8336,7,7
8337,6,3
8338,6,5
8339,6,2
8340,6,6
8341,6,5
8342,6,1
8343,6,4
8344,6,6
8345,6,6
8346,6,4
8347,6,6
8348,6,6
8349,7,5
8350,6,3
8351,6,2
8352,6,2
8353,6,6
8354,7,7
8355,7,5
8356,6,5
8357,6,6
8358,6,3
8359,7,1
8360,6,2
8361,6,6
8362,6,6
8363,6,6
8364,6,3
8365,6,1
8366,6,6
8367,6,0
8368,6,6
8369,6,3
8370,6,4
8371,6,6
8372,6,4
8373,6,4
8374,6,4
8375,7,7
8376,6,5
8377,6,0
8378,6,4
8379,6,6
8380,6,3
8381,6,2
8382,7,6
8383,6,6
8384,6,3
8385,6,6
8386,6,2
8387,7,6
8388,6,5
8389,6,6
8390,7,6
8391,6,5
8392,6,3
8393,6,4
8394,6,5
8395,6,0
8396,6,6
8397,6,3
8398,6,6
8399,6,4
8400,6,4
8401,6,6
8402,6,5
8403,6,4
8404,6,6
8405,6,6
8406,6,2
8407,6,4
8408,6,0
8409,7,6
8410,7,5
8411,7,4
8412,6,4
8413,6,0
8414,6,6
8415,6,5
8416,6,6
8417,7,5
8418,6,4
8419,6,3
8420,6,5
8421,6,5
8422,6,6
8423,8,6
8424,6,6
8425,6,5
8426,7,5
8427,6,6
8428,7,4
8429,6,2
8430,7,1
8431,6,5
8432,6,4
8433,6,5
8434,7,6
8435,8,8
8436,6,2
8437,6,3
8438,6,0
8439,6,6
8440,6,6
8441,6,4
8442,6,4
8443,7,3
8444,6,3
8445,7,5
8446,6,5
8447,6,5
8448,6,6
8449,6,6
8450,6,4
8451,6,3
8452,6,6
8453,7,3
8454,6,3
8455,6,4
8456,6,6
8457,6,5
8458,6,4
8459,6,6
8460,6,3
8461,6,0
8462,6,6
8463,6,3
8464,6,1
8465,6,4
8466,6,6
8467,6,4
8468,6,4
8469,6,3
8470,6,6
8471,6,6
8472,6,3
8473,7,5
8474,6,1
8475,6,2
8476,6,5
8477,6,6
8478,6,0
8479,8,6
8480,6,1
8481,6,5
8482,6,6
8483,7,3
8484,6,4
8485,6,2
8486,6,4
8487,6,3
8488,6,3
8489,6,6
8490,7,7
8491,6,2
8492,6,6
8493,6,0
8494,7,0
8495,6,4
8496,6,6
8497,6,6
8498,7,6
8499,6,6
8500,7,1
8501,6,4
8502,6,6
8503,7,5
8504,6,6
8505,6,4
8506,6,6
8507,6,3
8508,6,6
8509,6,6
8510,6,2
8511,6,5
8512,7,2
8513,6,0
8514,6,4
8515,6,5
8516,6,2
8517,6,5
8518,6,5
8519,6,0
8520,6,1
8521,6,5
8522,6,4
8523,6,5
8524,6,4
8525,6,3
8526,6,4
8527,6,6
8528,6,0
8529,6,6
8530,6,6
8531,6,4
8532,6,6
8533,6,4
8534,6,6
8535,6,5
8536,6,0
8537,7,3
8538,6,4
8539,6,3
8540,6,6
8541,6,2
8542,6,5
8543,6,6
8544,6,4
8545,6,6
8546,6,6
8547,6,6
8548,6,6
8549,6,6
8550,6,4
8551,6,6
8552,6,1
8553,7,4
8554,6,4
8555,6,1
8556,6,4
8557,6,5
8558,6,6
8559,6,3
8560,6,6
8561,6,5
8562,7,5
8563,6,4
8564,6,5
8565,6,1
8566,6,5
8567,6,6
8568,7,1
8569,7,7
8570,6,6
8571,6,2
8572,6,6
8573,6,5
8574,6,6
8575,6,4
8576,7,1
8577,6,5
8578,6,4
8579,6,3
8580,6,2
8581,6,2
8582,6,0
8583,6,4
8584,7,3
8585,6,5
8586,7,5
8587,6,5
8588,6,6
8589,7,6
8590,6,6
8591,6,6
8592,6,6
8593,6,6
8594,7,0
8595,6,6
8596,6,6
8597,6,6
8598,7,5
8599,6,6
8600,6,4
8601,6,2
8602,6,2
8603,6,4
8604,6,6
8605,6,2
8606,6,5
8607,6,0
8608,7,6
8609,6,6
8610,6,3
8611,6,5
8612,6,3
8613,6,4
8614,6,4
8615,7,5
8616,6,4
8617,6,6
8618,6,6
8619,6,4
8620,6,4
8621,6,0
8622,6,6
8623,6,0
8624,6,6
8625,6,6
8626,6,4
8627,6,4
8628,6,4
8629,6,6
8630,6,4
8631,7,0
8632,7,1
8633,6,2
8634,6,0
8635,6,0
8636,6,5
8637,6,6
8638,6,5
8639,6,3
8640,6,5
8641,6,4
8642,6,4
8643,6,4
8644,6,0
8645,6,2
8646,6,6
8647,6,5
8648,6,6
8649,7,5
8650,6,3
8651,6,5
8652,7,3
8653,6,6
8654,8,7
8655,6,5
8656,6,2
8657,6,4
8658,6,6
8659,6,3
8660,6,4
8661,6,4
8662,6,2
8663,6,6
8664,6,3
8665,6,4
8666,6,5
8667,6,2
8668,6,6
8669,6,5
8670,6,4
8671,6,6
8672,6,2
8673,6,3
8674,6,5
8675,6,4
8676,6,3
8677,7,6
8678,6,2
8679,6,4
8680,6,5
8681,6,6
8682,6,6
8683,6,2
8684,6,6
8685,6,4
8686,6,5
8687,7,3
8688,7,2
8689,6,2
8690,6,5
8691,6,1
8692,6,4
8693,7,6
8694,6,6
8695,6,5
8696,6,5
8697,6,4
8698,6,5
8699,6,6
8700,6,6
8701,7,4
8702,6,6
8703,6,4
8704,6,6
8705,6,2
8706,6,2
8707,6,3
8708,6,6
8709,6,4
8710,7,4
8711,8,5
8712,6,0
8713,7,3
8714,7,7
8715,6,6
8716,6,0
8717,6,3
8718,7,4
8719,6,6
8720,7,7
8721,6,0
8722,6,6
8723,6,6
8724,6,4
8725,7,6
8726,6,2
8727,6,1
8728,6,6
8729,6,4
8730,7,2
8731,6,2
8732,6,6
8733,6,0
8734,6,4
8735,6,3
8736,6,0
8737,6,3
8738,6,1
8739,6,4
8740,6,5
8741,6,2
8742,6,2
8743,6,4
8744,6,3
8745,7,5
8746,6,5
8747,6,6
8748,6,6
8749,6,6
8750,6,6
8751,6,4
8752,6,2
8753,6,6
8754,6,6
8755,6,4
8756,6,4
8757,6,5
8758,6,0
8759,6,6
8760,6,5
8761,6,4
8762,6,2
8763,6,2
8764,7,4
8765,7,2
8766,6,6
8767,6,2
8768,6,6
8769,6,4
8770,6,6
8771,6,1
8772,6,1
8773,6,5
8774,6,0
8775,6,4
8776,6,6
8777,6,2
8778,7,5
8779,6,6
8780,6,5
8781,8,3
8782,6,6
8783,6,3
8784,6,6
8785,7,2
8786,7,7
8787,6,0
8788,7,6
8789,6,4
8790,7,0
8791,6,2
8792,6,3
8793,6,4
8794,6,2
8795,6,1
8796,6,4
8797,6,4
8798,6,6
8799,6,6
8800,6,6
8801,6,5
8802,6,2
8803,6,3
8804,6,1
8805,6,3
8806,6,0
8807,6,2
8808,6,5
8809,7,7
8810,6,6
8811,6,0
8812,6,3
8813,6,4
8814,6,4
8815,6,5
8816,6,5
8817,6,0
8818,6,3
8819,6,5
8820,7,5
8821,6,6
8822,6,3
8823,6,5
8824,6,6
8825,6,6
8826,6,6
8827,6,4
8828,6,3
8829,6,6
8830,7,5
8831,7,3
8832,6,6
8833,6,2
8834,6,6
8835,6,4
8836,6,6
8837,7,4
8838,6,0
8839,6,4
8840,6,2
8841,6,6
8842,6,6
8843,6,4
8844,6,6
8845,6,3
8846,6,6
8847,6,4
8848,6,0
8849,7,6
8850,6,4
8851,6,4
8852,6,4
8853,6,3
8854,7,7
8855,7,2
8856,6,0
8857,6,4
8858,6,6
8859,6,6
8860,7,5
8861,6,1
8862,6,5
8863,6,4
8864,6,6
8865,6,1
8866,6,6
8867,6,6
8868,6,6
8869,6,4
8870,7,5
8871,6,4
8872,6,4
8873,8,5
8874,6,3
8875,6,3
8876,6,2
8877,6,4
8878,6,4
8879,6,4
8880,7,3
8881,7,1
8882,6,6
8883,6,4
8884,6,5
8885,6,4
8886,6,5
8887,6,5
8888,7,6
8889,6,6
8890,6,0
8891,6,3
8892,6,3
8893,6,2
8894,6,2
8895,6,6
8896,6,4
8897,7,5
8898,6,6
8899,6,3
8900,6,3
8901,6,6
8902,6,1
8903,6,6
8904,8,8
8905,6,3
8906,6,4
8907,6,0
8908,6,4
8909,6,6
8910,7,5
8911,6,6
8912,6,0
8913,6,6
8914,6,6
8915,6,6
8916,6,6
8917,6,6
8918,6,6
8919,6,3
8920,6,4
8921,6,3
8922,6,3
8923,6,5
8924,7,2
8925,6,6
8926,7,3
8927,8,5
8928,6,6
8929,6,6
8930,6,4
8931,6,1
8932,6,3
8933,6,6
8934,6,2
8935,6,4
8936,6,1
8937,7,7
8938,6,5
8939,6,2
8940,6,4
8941,6,0
8942,6,0
8943,7,5
8944,6,6
8945,6,5
8946,6,6
8947,6,5
8948,6,6
8949,7,4
8950,6,2
8951,6,4
8952,6,3
8953,6,4
8954,6,3
8955,6,3
8956,6,2
8957,7,7
8958,7,3
8959,6,5
8960,6,4
8961,6,3
8962,6,5
8963,6,0
8964,6,4
8965,6,4
8966,6,6
8967,6,4
8968,6,3
8969,6,4
8970,6,5
8971,6,0
8972,6,6
8973,6,0
8974,6,3
8975,7,7
8976,6,6
8977,8,5
8978,6,4
8979,6,1
8980,6,6
8981,6,6
8982,6,6
8983,7,6
8984,6,0
8985,6,6
8986,7,7
8987,6,6
8988,6,3
8989,6,6
8990,6,6
8991,6,3
8992,6,4
8993,6,6
8994,6,6
8995,6,6
8996,6,6
8997,7,7
8998,6,5
8999,6,5
9000,6,4
9001,6,2
9002,6,5
9003,7,2
9004,6,1
9005,6,3
9006,6,6
9007,6,2
9008,6,1
9009,6,3
9010,6,4
9011,6,6
9012,6,6
9013,6,4
9014,6,2
9015,6,6
9016,6,6
9017,6,1
9018,6,0
9019,6,6
9020,6,1
9021,6,5
9022,6,5
9023,6,5
9024,6,5
9025,6,6
9026,6,6
9027,6,6
9028,6,5
9029,6,4
9030,6,4
9031,6,0
9032,6,6
9033,6,1
9034,6,2
9035,6,1
9036,6,2
9037,6,2
9038,6,1
9039,6,6
9040,8,6
9041,6,4
9042,6,3
9043,6,6
9044,6,4
9045,6,4
9046,7,4
9047,6,2
9048,7,3
9049,6,3
9050,6,3
9051,6,5
9052,6,6
9053,8,7
9054,6,3
9055,6,5
9056,6,1
9057,6,5
9058,6,4
9059,6,3
9060,6,2
9061,6,4
9062,6,6
9063,6,0
9064,6,2
9065,7,7
9066,6,5
9067,6,4
9068,6,6
9069,6,6
9070,6,4
9071,6,4
9072,6,1
9073,6,4
9074,6,1
9075,6,6
9076,6,6
9077,6,2
9078,6,6
9079,6,0
9080,6,6
9081,6,6
9082,6,3
9083,6,3
9084,6,6
9085,6,2
9086,6,6
9087,6,1
9088,6,4
9089,6,2
9090,6,6
9091,6,0
9092,6,5
9093,6,4
9094,6,3
9095,6,3
9096,6,6
9097,6,0
9098,6,6
9099,7,5
9100,6,6
9101,6,1
9102,6,2
9103,6,2
9104,6,6
9105,6,6
9106,6,2
9107,6,2
9108,6,2
9109,6,6
9110,6,2
9111,6,5
9112,6,2
9113,6,4
9114,6,4
9115,6,3
9116,6,5
9117,6,4
9118,7,0
9119,7,7
9120,6,2
9121,6,2
9122,6,6
9123,6,2
9124,6,6
9125,6,6
9126,6,2
9127,6,4
9128,6,6
9129,6,6
9130,6,2
9131,6,6
9132,6,6
9133,7,5
9134,6,4
9135,6,4
9136,6,6
9137,6,2
9138,6,6
9139,6,3
9140,6,1
9141,6,6
9142,6,4
9143,6,6
9144,6,4
9145,6,4
9146,7,3
9147,6,6
9148,6,5
9149,6,5
9150,6,3
9151,6,2
9152,6,6
9153,6,6
9154,6,6
9155,6,5
9156,6,3
9157,6,4
9158,6,6
9159,6,4
9160,6,4
9161,7,2
9162,7,6
9163,6,6
9164,6,6
9165,6,6
9166,6,6
9167,6,6
9168,7,1
9169,6,1
9170,6,6
9171,6,5
9172,6,5
9173,6,6
9174,6,2
9175,7,5
9176,6,5
9177,6,6
9178,6,1
9179,7,3
9180,7,7
9181,7,5
9182,6,6
9183,6,6
9184,6,2
9185,6,4
9186,6,1
9187,6,4
9188,6,4
9189,6,4
9190,7,5
9191,6,5
9192,6,5
9193,6,6
9194,7,5
9195,7,5
9196,6,6
9197,6,6
9198,6,6
9199,6,5
9200,6,2
9201,6,5
9202,6,1
9203,6,6
9204,6,3
9205,6,1
9206,7,2
9207,6,6
9208,6,6
9209,6,1
9210,6,4
9211,6,0
9212,6,5
9213,6,6
9214,6,3
9215,6,4
9216,6,1
9217,6,6
9218,6,4
9219,6,6
9220,6,4
9221,6,6
9222,6,2
9223,6,6
9224,8,8
9225,6,6
9226,6,2
9227,6,4
9228,6,3
9229,6,5
9230,6,3
9231,6,4
9232,6,3
9233,6,6
9234,6,6
9235,6,4
9236,6,4
9237,6,4
9238,6,0
9239,6,4
9240,6,6
9241,6,6
9242,6,5
9243,6,1
9244,6,6
9245,7,6
9246,6,6
9247,6,4
9248,6,5
9249,6,2
9250,6,6
9251,6,4
9252,6,5
9253,8,7
9254,6,4
9255,6,6
9256,6,2
9257,6,6
9258,6,0
9259,6,4
9260,6,6
9261,6,4
9262,6,6
9263,6,2
9264,6,1
9265,6,2
9266,6,4
9267,6,6
9268,6,4
9269,6,6
9270,6,6
9271,6,5
9272,6,4
9273,6,1
9274,6,6
9275,6,6
9276,6,4
9277,6,6
9278,7,7
9279,6,2
9280,6,6
9281,6,0
9282,6,6
9283,6,0
9284,6,1
9285,6,6
9286,6,5
9287,6,3
9288,7,2
9289,6,2
9290,6,3
9291,6,5
9292,6,5
9293,6,6
9294,6,2
9295,6,2
9296,6,6
9297,6,2
9298,6,4
9299,6,4
9300,7,4
9301,6,1
9302,6,3
9303,6,3
9304,7,7
9305,6,0
9306,6,4
9307,6,4
9308,6,4
9309,6,3
9310,6,6
9311,6,4
9312,6,6
9313,6,6
9314,6,6
9315,6,3
9316,6,6
9317,6,6
9318,6,2
9319,6,4
9320,6,1
9321,6,6
9322,6,4
9323,7,5
9324,6,0
9325,6,0
9326,6,2
9327,6,5
9328,6,5
9329,6,6
9330,6,4
9331,6,0
9332,6,5
9333,6,6
9334,6,2
9335,6,5
9336,6,6
9337,6,6
9338,6,6
9339,6,6
9340,6,3
9341,7,3
9342,6,6
9343,6,4
9344,6,4
9345,6,6
9346,6,6
9347,6,5
9348,6,3
9349,6,6
9350,6,2
9351,6,3
9352,6,4
9353,6,3
9354,6,6
9355,6,4
9356,6,5
9357,6,4
9358,6,5
9359,6,6
9360,6,0
9361,6,6
9362,6,4
9363,6,5
9364,6,2
9365,6,6
9366,6,4
9367,6,0
9368,6,1
9369,6,5
9370,6,4
9371,6,4
9372,6,6
9373,6,5
9374,6,2
9375,6,6
9376,6,6
9377,7,7
9378,6,6
9379,7,3
9380,6,4
9381,6,0
9382,7,3
9383,6,2
9384,6,5
9385,6,6
9386,6,2
9387,6,6
9388,6,6
9389,6,6
9390,6,4
9391,6,5
9392,6,6
9393,7,4
9394,8,8
9395,6,4
9396,6,4
9397,6,5
9398,6,2
9399,6,5
9400,6,2
9401,6,3
9402,6,2
9403,7,0
9404,6,6
9405,6,5
9406,6,0
9407,6,6
9408,6,4
9409,6,0
9410,6,3
9411,6,3
9412,6,6
9413,6,6
9414,6,2
9415,6,5
9416,6,1
9417,6,6
9418,6,6
9419,6,1
9420,6,2
9421,6,6
9422,6,6
9423,8,3
9424,6,3
9425,6,3
9426,6,6
9427,6,5
9428,6,0
9429,6,3
9430,6,4
9431,6,2
9432,6,2
9433,6,4
9434,6,6
9435,6,5
9436,7,7
9437,6,4
9438,6,3
9439,6,2
9440,6,6
9441,6,1
9442,6,4
9443,6,4
9444,6,6
9445,6,6
9446,6,4
9447,6,3
9448,6,1
9449,6,6
9450,6,0
9451,6,3
9452,6,4
9453,6,6
9454,7,7
9455,6,4
9456,6,2
9457,6,5
9458,6,6
9459,7,7
9460,6,6
9461,6,2
9462,6,6
9463,6,4
9464,6,6
9465,6,6
9466,7,6
9467,6,2
9468,6,6
9469,6,3
9470,6,4
9471,6,6
9472,6,3
9473,6,6
9474,6,5
9475,7,5
9476,6,2
9477,6,4
9478,6,6
9479,6,3
9480,6,1
9481,6,4
9482,6,1
9483,6,3
9484,6,4
9485,6,6
9486,6,6
9487,6,6
9488,6,6
9489,6,3
9490,6,2
9491,7,1
9492,6,4
9493,7,5
9494,6,6
9495,6,6
9496,6,2
9497,6,2
9498,6,2
9499,6,4
9500,6,1
9501,6,5
9502,7,3
9503,6,5
9504,6,6
9505,7,7
9506,6,2
9507,6,6
9508,6,6
9509,6,4
9510,6,5
9511,6,6
9512,6,5
9513,7,4
9514,6,6
9515,6,6
9516,7,7
9517,6,3
9518,6,0
9519,6,1
9520,6,5
9521,6,6
9522,7,5
9523,6,2
9524,6,4
9525,6,3
9526,6,6
9527,6,6
9528,6,5
9529,6,2
9530,6,3
9531,6,6
9532,6,0
9533,6,5
9534,6,6
9535,6,2
9536,6,3
9537,6,4
9538,6,4
9539,6,5
9540,6,5
9541,6,0
9542,6,4
9543,6,5
9544,6,6
9545,6,4
9546,7,7
9547,6,4
9548,6,0
9549,6,0
9550,6,5
9551,6,6
9552,6,6
9553,6,6
9554,6,3
9555,6,1
9556,6,0
9557,6,5
9558,6,6
9559,6,2
9560,6,2
9561,6,4
9562,7,1
9563,6,4
9564,6,6
9565,6,6
9566,6,6
9567,6,4
9568,6,5
9569,6,6
9570,6,4
9571,7,6
9572,6,2
9573,6,3
9574,6,3
9575,6,4
9576,6,4
9577,6,1
9578,7,6
9579,7,3
9580,7,4
9581,6,4
9582,6,6
9583,6,6
9584,6,6
9585,6,6
9586,6,0
9587,6,4
9588,6,6
9589,6,4
9590,6,4
9591,6,6
9592,6,0
9593,7,7
9594,6,6
9595,6,4
9596,6,5
9597,6,4
9598,7,7
9599,6,5
9600,6,6
9601,6,2
9602,6,1
9603,7,7
9604,6,3
9605,6,5
9606,6,5
9607,6,4
9608,6,4
9609,7,7
9610,6,6
9611,7,7
9612,6,4
9613,6,4
9614,7,3
9615,6,2
9616,6,2
9617,6,3
9618,6,6
9619,7,3
9620,6,5
9621,6,4
9622,6,0
9623,6,6
9624,6,5
9625,6,6
9626,6,4
9627,6,5
9628,6,0
9629,6,6
9630,6,4
9631,6,4
9632,6,6
9633,6,6
9634,6,4
9635,6,4
9636,6,5
9637,7,7
9638,6,6
9639,6,3
9640,6,6
9641,6,3
9642,6,1
9643,6,3
9644,6,2
9645,6,4
9646,6,6
9647,6,6
9648,6,6
9649,6,4
9650,6,1
9651,6,6
9652,6,0
9653,6,4
9654,6,5
9655,8,7
9656,6,4
9657,7,5
9658,6,0
9659,6,6
9660,7,6
9661,6,2
9662,6,2
9663,6,3
9664,6,6
9665,6,4
9666,6,4
9667,6,0
9668,7,5
9669,7,6
9670,6,4
9671,6,6
9672,6,4
9673,6,6
9674,6,3
9675,6,5
9676,6,6
9677,6,6
9678,6,4
9679,6,1
9680,6,0
9681,6,4
9682,6,0
9683,6,6
9684,6,4
9685,6,3
9686,6,0
9687,6,5
9688,6,6
9689,6,6
9690,6,6
9691,6,6
9692,6,5
9693,6,6
9694,7,5
9695,6,3
9696,6,2
9697,6,1
9698,6,5
9699,6,6
9700,6,0
9701,6,4
9702,6,5
9703,6,5
9704,6,0
9705,6,6
9706,6,4
9707,6,6
9708,6,2
9709,6,6
9710,6,4
9711,7,4
9712,7,6
9713,6,6
9714,6,4
9715,6,6
9716,6,4
9717,7,1
9718,6,4
9719,6,5
9720,6,6
9721,6,4
9722,6,4
9723,6,1
9724,7,7
9725,6,2
9726,7,3
9727,6,2
9728,6,4
9729,6,1
9730,6,2
9731,6,6
9732,6,6
9733,6,6
9734,6,5
9735,7,7
9736,6,2
9737,6,3
9738,6,4
9739,7,4
9740,7,5
9741,6,2
9742,6,3
9743,6,4
9744,7,5
9745,6,6
9746,6,4
9747,6,1
9748,6,6
9749,6,1
9750,6,2
9751,6,2
9752,6,6
9753,6,4
9754,6,2
9755,6,3
9756,6,3
9757,6,6
9758,6,3
9759,6,4
9760,6,4
9761,6,0
9762,6,6
9763,6,6
9764,6,6
9765,8,7
9766,6,5
9767,6,4
9768,6,6
9769,6,2
9770,6,4
9771,6,6
9772,6,5
9773,6,0
9774,6,5
9775,6,6
9776,6,6
9777,6,6
9778,6,3
9779,6,1
9780,6,2
9781,6,3
9782,6,3
9783,6,5
9784,7,4
9785,6,4
9786,6,4
9787,8,5
9788,6,6
9789,6,0
9790,6,2
9791,7,7
9792,6,1
9793,6,0
9794,8,7
9795,7,2
9796,6,6
9797,7,6
9798,7,7
9799,6,6
9800,6,5
9801,6,0
9802,6,2
9803,6,6
9804,6,6
9805,6,4
9806,6,4
9807,6,2
9808,7,7
9809,6,4
9810,6,6
9811,6,2
9812,6,6
9813,7,4
9814,6,4
9815,6,2
9816,6,4
9817,6,6
9818,6,6
9819,6,4
9820,6,2
9821,6,6
9822,6,6
9823,6,6
9824,7,7
9825,6,4
9826,6,6
9827,6,4
9828,7,5
9829,6,6
9830,6,4
9831,7,5
9832,6,3
9833,6,0
9834,6,6
9835,6,6
9836,6,6
9837,6,4
9838,6,6
9839,6,6
9840,6,5
9841,6,2
9842,6,4
9843,6,5
9844,6,6
9845,6,4
9846,8,3
9847,6,4
9848,6,3
9849,6,3
9850,6,5
9851,6,5
9852,8,3
9853,6,6
9854,6,6
9855,7,5
9856,6,0
9857,6,3
9858,6,5
9859,6,6
9860,6,6
9861,6,4
9862,6,4
9863,7,6
9864,6,2
9865,6,4
9866,6,4
9867,6,4
9868,6,2
9869,6,4
9870,6,3
9871,6,3
9872,7,7
9873,6,6
9874,6,2
9875,6,5
9876,7,6
9877,6,6
9878,6,4
9879,6,4
9880,7,7
9881,6,6
9882,6,2
9883,6,6
9884,7,5
9885,6,6
9886,6,6
9887,6,6
9888,6,2
9889,7,6
9890,6,3
9891,7,7
9892,6,3
9893,6,6
9894,6,6
9895,6,5
9896,6,6
9897,6,6
9898,6,6
9899,6,4
9900,7,2
9901,6,1
9902,7,6
9903,6,4
9904,6,4
9905,6,6
9906,6,6
9907,8,4
9908,6,6
9909,7,5
9910,6,4
9911,6,6
9912,6,2
9913,6,4
9914,6,6
9915,6,6
9916,6,4
9917,6,1
9918,6,4
9919,6,2
9920,6,6
9921,6,3
9922,6,6
9923,6,5
9924,6,4
9925,6,6
9926,6,6
9927,6,0
9928,6,0
9929,6,6
9930,6,5
9931,6,4
9932,6,5
9933,6,1
9934,6,4
9935,7,5
9936,6,6
9937,6,6
9938,7,6
9939,6,6
9940,6,6
9941,6,2
9942,6,0
9943,6,4
9944,6,6
9945,6,1
9946,6,2
9947,6,0
9948,6,6
9949,7,1
9950,6,5
9951,6,6
9952,6,5
9953,6,2
9954,6,6
9955,6,4
9956,6,4
9957,6,4
9958,6,6
9959,6,6
9960,6,0
9961,7,5
9962,6,4
9963,6,3
9964,6,3
9965,6,3
9966,6,6
9967,6,4
9968,6,3
9969,6,6
9970,6,3
9971,6,6
9972,6,3
9973,6,6
9974,6,4
9975,6,5
9976,6,3
9977,6,5
9978,6,5
9979,6,6
9980,6,6
9981,6,1
9982,6,1
9983,6,0
9984,6,2
9985,7,5
9986,6,2
9987,6,3
9988,6,4
9989,8,7
9990,6,4
9991,6,3
9992,6,2
9993,6,0
9994,6,4
9995,6,4
9996,8,0
9997,6,4
9998,6,4
9999,6,4
